strain stress_z_GPa stress_x_GPa stress_y_GPa temp_K pe_eV_atom lx ly lz
0 -0.55281507639925 -0.490806928209899 -0.508549435386649 290.73396595736 -8.35060357427992 42.6 42.6 170.4
0.000749999999999878 -0.407649611747357 -0.447863365692315 -0.431796125325777 297.918444059934 -8.34996750248377 42.6 42.6 170.5278
0.00150000000000009 -0.237763569196558 -0.384485533215903 -0.36600900447255 302.02916321501 -8.34962427007398 42.6 42.6 170.6556
0.00224999999999997 -0.122021504494549 -0.272330412559722 -0.33794216098139 299.395677759207 -8.34995869640809 42.6 42.6 170.7834
0.00299999999999985 0.0752944744209192 -0.125846343869857 -0.197322155197261 299.664503156002 -8.34941783485488 42.6 42.6 170.9112
0.00375000000000006 0.233850504860745 -0.0789809478833306 -0.298337214268705 361.391529493586 -8.34895777071918 42.6 42.6 171.039
0.00449999999999994 0.452247966686215 0.062538418503974 0.0133114380343298 315.607793956408 -8.35128725438614 42.6 42.6 171.1668
0.00525000000000015 0.59583050478672 0.211941789616418 0.148912899938211 289.775919908369 -8.35138681459313 42.6 42.6 171.2946
0.00600000000000003 0.774084918468352 0.211288731327772 0.173549869159585 303.240627009752 -8.34933753956112 42.6 42.6 171.4224
0.00674999999999991 0.820825401249744 0.29054661744476 0.184943340509325 302.357369949897 -8.34936293740879 42.6 42.6 171.5502
0.00750000000000012 1.03347979376721 0.348620863754359 0.36767751201717 296.57702263146 -8.34945926617615 42.6 42.6 171.678
0.00825 1.16795437952024 0.450299160968443 0.453834294137631 303.398428883593 -8.34876760674477 42.6 42.6 171.8058
0.00899999999999987 1.25831012217539 0.455496120571035 0.373168052353552 297.682524218712 -8.3490363113876 42.6 42.6 171.9336
0.00975000000000008 1.39280980178289 0.567346395448737 0.56789433760292 300.897867139145 -8.34883348444241 42.6 42.6 172.0614
0.0105 1.52145218345146 0.616802404858933 0.585652024475872 301.031485384613 -8.34851290387772 42.6 42.6 172.1892
0.0112499999999998 1.62361512893041 0.725543035748535 0.651536395055143 303.607604391891 -8.34812741098606 42.6 42.6 172.317
0.0120000000000001 1.83395616032026 0.813729165490371 0.791233588952922 296.408147774284 -8.34837064055342 42.6 42.6 172.4448
0.0127499999999999 1.98332451656963 0.870428575201787 0.902285366412484 302.124141657229 -8.34807905092902 42.6 42.6 172.5726
0.0135000000000001 2.1211933479043 1.00345966269377 0.904195713468424 300.712830141771 -8.34824577611602 42.6 42.6 172.7004
0.01425 2.22430980423967 1.02177364680811 1.04618146616376 299.379184763967 -8.34796820962514 42.6 42.6 172.8282
0.0149999999999999 2.35046646816384 1.08583620005206 0.99922061413695 303.277013499632 -8.34765659982435 42.6 42.6 172.956
0.0157500000000001 2.59371786374039 1.27316640312386 1.13361186680344 341.224146020072 -8.34872788968786 42.6 42.6 173.0838
0.0165 2.75885305227017 1.31803998502659 1.21110253079907 300.459297138666 -8.34989360182113 42.6 42.6 173.2116
0.0172499999999999 2.7965407840447 1.39429322133239 1.29945719619222 290.431118737494 -8.3474827167196 42.6 42.6 173.3394
0.0180000000000001 2.74547329911963 1.33698074461541 1.18502209587674 304.961075158934 -8.34596362089512 42.6 42.6 173.4672
0.01875 3.03773342561537 1.42711416873667 1.43113652118544 298.715822339652 -8.3465260740359 42.6 42.6 173.595
0.0194999999999998 3.14917412266482 1.52125230540388 1.47435808997184 300.115515425487 -8.3460353480665 42.6 42.6 173.7228
0.02025 3.17545348050701 1.64126933390367 1.55580749630702 300.034166354202 -8.34524456169114 42.6 42.6 173.8506
0.0209999999999999 3.33354808127486 1.70157167763253 1.67948233257564 297.708767176663 -8.34577718082779 42.6 42.6 173.9784
0.0217500000000001 3.53090381493946 1.75960834720811 1.7773019173124 302.222732357817 -8.34493654774057 42.6 42.6 174.1062
0.0225 3.61454434288127 1.82986650433906 1.73630913982686 301.61505563743 -8.34521455004691 42.6 42.6 174.234
0.0232499999999999 3.81365104521251 1.92918636930129 1.87103668973362 299.465854920666 -8.34485254848155 42.6 42.6 174.3618
0.0240000000000001 3.85161771126171 1.92934940170712 1.87241983852854 300.814336930003 -8.3440431596107 42.6 42.6 174.4896
0.02475 4.00982312701585 1.96303145070403 1.95144710729667 299.654725847036 -8.34436799197887 42.6 42.6 174.6174
0.0254999999999999 4.10455663128066 2.07224572052632 1.95496610688707 301.667170533261 -8.34367765222039 42.6 42.6 174.7452
0.0262500000000001 4.27734349912167 2.25332098417669 2.18320765543718 300.604128959217 -8.34353917166369 42.6 42.6 174.873
0.027 4.35210980819421 2.26646825114364 2.21573279482341 299.602801500068 -8.34319028828563 42.6 42.6 175.0008
0.02775 4.46792776947906 2.25473290989938 2.23215947196184 300.722724448553 -8.34248658536109 42.6 42.6 175.1286
0.0285 4.62867095571704 2.39710616314039 2.36144790501134 300.059449968513 -8.34275681043974 42.6 42.6 175.2564
0.0292499999999999 4.72395319355583 2.46612206204551 2.41013207604438 300.880179895679 -8.34202591662022 42.6 42.6 175.3842
0.0300000000000001 4.83536089822652 2.55651174568775 2.44105220641361 300.385309176219 -8.34163163109186 42.6 42.6 175.512
0.03075 5.00426681177107 2.56723265801497 2.51836428281206 299.326754659381 -8.34146325649976 42.6 42.6 175.6398
0.0314999999999999 5.03333337855368 2.67067720166238 2.59383729054507 301.366146354139 -8.34084433582815 42.6 42.6 175.7676
0.0322500000000001 5.2045552035222 2.77868438375385 2.71173610843113 298.553211978277 -8.34086034715859 42.6 42.6 175.8954
0.033 5.28978160275 2.7800767556597 2.688185096162 297.905897260153 -8.34002267565771 42.6 42.6 176.0232
0.0337499999999999 5.37624836079199 2.88039278980281 2.7757500223069 301.200721497304 -8.3399411534164 42.6 42.6 176.151
0.0345000000000001 5.44680565800747 2.89455236238484 2.86703576780279 300.108233220368 -8.33991247226361 42.6 42.6 176.2788
0.0352499999999999 5.60522976207662 2.94146902298726 2.92470953869891 304.305157868852 -8.33954880118906 42.6 42.6 176.4066
0.036 5.74550267222309 3.02764249784317 2.94656303879767 298.216593279853 -8.33867016163871 42.6 42.6 176.5344
0.03675 5.85462252232061 3.09049968385056 3.04030477712529 298.308024182484 -8.33864463700296 42.6 42.6 176.6622
0.0374999999999999 5.92255725492544 3.14632005152118 3.06080245776851 303.408941611365 -8.33822911107181 42.6 42.6 176.79
0.0382500000000001 6.13343823232757 3.20979157607197 3.14675660225728 297.902836937171 -8.33786725082356 42.6 42.6 176.9178
0.039 6.15896541094315 3.35476421306029 3.21124237113938 298.29366634489 -8.33707182169459 42.6 42.6 177.0456
0.0397499999999999 6.25850101364051 3.40760824254007 3.27222765469682 300.703277733709 -8.33663359564398 42.6 42.6 177.1734
0.0405000000000001 6.3649756337128 3.4673810153065 3.37222563770636 302.468357086439 -8.33683673217404 42.6 42.6 177.3012
0.04125 6.49231107285789 3.49697556782093 3.44865196216707 298.400207259064 -8.33611375471728 42.6 42.6 177.429
0.0419999999999999 6.54723216895594 3.56580488258426 3.45996007899477 299.405629510807 -8.33538268468199 42.6 42.6 177.5568
0.0427500000000001 6.62829266070636 3.59502721974916 3.56210129514404 297.365798465974 -8.33508579827065 42.6 42.6 177.6846
0.0434999999999999 6.71224706607181 3.6344367558781 3.53133413531806 301.171726710984 -8.33466520323095 42.6 42.6 177.8124
0.0442500000000002 6.82487212435165 3.71675249609264 3.64518091452062 300.780152242956 -8.33467430891692 42.6 42.6 177.9402
0.045 7.03674015328837 3.89649539690531 3.7222157541415 300.248026244686 -8.33407586964867 42.6 42.6 178.068
0.0457499999999999 7.04395298144197 3.8567695309049 3.76739304769325 300.178355485833 -8.33328774953139 42.6 42.6 178.1958
0.0465000000000001 7.15421425691344 3.91822220113434 3.90266077640242 301.61045211922 -8.33292526019469 42.6 42.6 178.3236
0.04725 7.24657954603519 4.02383187816308 3.89344477758602 298.189346599672 -8.33251599137715 42.6 42.6 178.4514
0.0479999999999999 7.42716804058882 4.05870000053436 4.01244797837714 300.786675459795 -8.33178750808251 42.6 42.6 178.5792
0.0487500000000001 7.47920209208041 4.08217462159044 4.02367723883021 299.254049410687 -8.33165906019085 42.6 42.6 178.707
0.0495 7.53281925614172 4.0658695733471 4.05299663800824 301.236717092608 -8.3308445919645 42.6 42.6 178.8348
0.0502499999999999 7.67884712363137 4.20641075932422 4.16919336119604 297.538222074213 -8.3303086870188 42.6 42.6 178.9626
0.0510000000000001 7.82601887085577 4.2641112573443 4.25007659635691 300.10003770809 -8.32978038803359 42.6 42.6 179.0904
0.0517499999999999 7.89314528525748 4.38778883892924 4.31729807474152 301.59146589299 -8.32935350805977 42.6 42.6 179.2182
0.0525000000000002 7.93473212176305 4.43704359518672 4.3601578521897 298.406824642099 -8.32878915961578 42.6 42.6 179.346
0.05325 8.07864903284388 4.50389038028006 4.39655635467433 301.868137855913 -8.32815207315088 42.6 42.6 179.4738
0.0539999999999999 8.26478423137912 4.54778575377391 4.54787909967502 301.089713741482 -8.32793573337122 42.6 42.6 179.6016
0.0547500000000001 8.28255636188635 4.55494230082507 4.59987800076316 299.45396833383 -8.32715493393822 42.6 42.6 179.7294
0.0555 8.30441413083216 4.66303222555514 4.59692930258621 299.952622161423 -8.32639525189589 42.6 42.6 179.8572
0.0562499999999999 8.47779129097805 4.74802539665972 4.64273332250099 300.113150365114 -8.32637402040703 42.6 42.6 179.985
0.0570000000000001 8.55397553264204 4.81282752555786 4.70841197320714 302.956537594937 -8.32554473970287 42.6 42.6 180.1128
0.05775 8.65401858327648 4.85340073774286 4.77518894250028 298.924365404248 -8.32504261996708 42.6 42.6 180.2406
0.0584999999999998 8.77953501720089 4.88095422912291 4.85472798318764 302.325026640107 -8.32431232169733 42.6 42.6 180.3684
0.0592500000000001 8.83366634849576 4.92773339964146 4.89456585313152 298.047556185812 -8.32382125297927 42.6 42.6 180.4962
0.0599999999999999 8.93829436421595 4.97805848115508 4.98730781518189 299.413460346779 -8.32312954893261 42.6 42.6 180.624
0.0607500000000002 8.9648278150533 5.01502417139655 4.95615316628562 299.028660074799 -8.32256061654915 42.6 42.6 180.7518
0.0615 9.06737129731798 5.16087782070637 5.08819764166858 300.988552685595 -8.32209347602429 42.6 42.6 180.8796
0.0622499999999999 9.22350086280483 5.20123018500194 5.15605063356811 300.169104618705 -8.32149617849104 42.6 42.6 181.0074
0.0630000000000001 9.37163178235629 5.21474846392151 5.18407312499839 300.696016253672 -8.32126612011659 42.6 42.6 181.1352
0.06375 9.33633322412182 5.23831623962954 5.21525934651179 299.194391465929 -8.32008717693979 42.6 42.6 181.263
0.0644999999999999 9.43400359452521 5.36428435177629 5.29842327961287 298.792328556173 -8.31980813568086 42.6 42.6 181.3908
0.0652500000000001 9.50169726209518 5.43994750984217 5.33390438718083 301.627481989221 -8.31909326207662 42.6 42.6 181.5186
0.066 9.64861831694826 5.45068080953242 5.42531878274974 297.188919497417 -8.31868762348999 42.6 42.6 181.6464
0.06675 9.65249010708667 5.49602659478306 5.48551178695492 299.698435640339 -8.31800222439637 42.6 42.6 181.7742
0.0675000000000001 9.76697805338965 5.49057462506859 5.54947795301316 300.257819968309 -8.31742519657134 42.6 42.6 181.902
0.0682499999999999 9.74256913499163 5.56907284702926 5.56230508095638 298.728008098571 -8.31661190976322 42.6 42.6 182.0298
0.0690000000000001 9.91981439380234 5.64932797348869 5.64379936696601 299.290991279979 -8.31592386914057 42.6 42.6 182.1576
0.06975 9.99362319526023 5.71963724424841 5.67625987467407 299.6702960811 -8.31514395817147 42.6 42.6 182.2854
0.0704999999999999 10.0676015025807 5.78736316862292 5.73711757711615 298.813273613174 -8.31501852745796 42.6 42.6 182.4132
0.0712500000000001 10.134548130243 5.8147090036301 5.77880818415623 301.308784158437 -8.31428193200053 42.6 42.6 182.541
0.072 10.2619001565648 5.91766541974149 5.93104300282213 301.805199788851 -8.31376555394182 42.6 42.6 182.6688
0.0727499999999999 10.3086291301328 5.92619872163085 5.8812825203689 300.229362231611 -8.31252794795298 42.6 42.6 182.7966
0.0735000000000001 10.4070833479596 6.00731240013372 6.0017453846997 299.162258980681 -8.31246179663712 42.6 42.6 182.9244
0.07425 10.5421158784235 6.09327925138968 6.03091837075133 300.046526907496 -8.31141259051625 42.6 42.6 183.0522
0.075 10.5937212833486 6.19512409237702 6.16262911305432 299.666790790215 -8.31075000919498 42.6 42.6 183.18
0.0757500000000001 10.6849900803453 6.17456483840725 6.12853236829588 301.586256561189 -8.30990106732537 42.6 42.6 183.3078
0.0764999999999999 10.7100364604033 6.25659678721058 6.27113404933348 297.645296576124 -8.30950604613574 42.6 42.6 183.4356
0.0772500000000001 10.7800745173728 6.34432947017148 6.30184237974005 301.495747401307 -8.30886756180339 42.6 42.6 183.5634
0.078 10.8590345628908 6.40666313123525 6.38362453032572 299.985622133943 -8.30813104664412 42.6 42.6 183.6912
0.0787499999999999 10.9358610005649 6.47878463987767 6.46683453994693 301.23075738951 -8.30764120531616 42.6 42.6 183.819
0.0795000000000001 10.9828093837179 6.42755392096477 6.48899308156818 303.324313933199 -8.30685374995207 42.6 42.6 183.9468
0.08025 11.1685978627796 6.63231813379165 6.55116956989347 297.819664725104 -8.30618989006869 42.6 42.6 184.0746
0.0809999999999999 11.1965038366368 6.64600755412951 6.60531278499571 301.035375771404 -8.30544262163723 42.6 42.6 184.2024
0.0817500000000001 11.2103709624111 6.67613060242674 6.68335810887788 298.882776465548 -8.30442763307302 42.6 42.6 184.3302
0.0824999999999999 11.3445569802101 6.77308762105054 6.69917127796296 301.342216215 -8.3036899900719 42.6 42.6 184.458
0.08325 11.373575793483 6.81108097958557 6.78593757734188 298.735514426186 -8.30337084010911 42.6 42.6 184.5858
0.084 11.4423666981599 6.85259872210869 6.85935821767678 298.602732672969 -8.30223381425344 42.6 42.6 184.7136
0.0847499999999999 11.5458318678369 6.94450084426244 6.94383719720119 299.323640713519 -8.30155953137122 42.6 42.6 184.8414
0.0855000000000001 11.5456884144409 6.91841445618333 6.94173236016461 301.938222489186 -8.30078233833606 42.6 42.6 184.9692
0.08625 11.644134197954 7.0508406690952 7.07755189208206 298.571870764985 -8.30039719790609 42.6 42.6 185.097
0.0869999999999999 11.7126103139984 7.11312371810621 7.0723114296152 301.090503744715 -8.29951370637583 42.6 42.6 185.2248
0.0877500000000001 11.7513539360186 7.12292122530593 7.0780752466345 299.000795054457 -8.29869021359799 42.6 42.6 185.3526
0.0885 11.7881686000297 7.22440622259406 7.20633628407856 298.176398938864 -8.29803632802957 42.6 42.6 185.4804
0.0892499999999999 11.7976034165434 7.26302605212187 7.21799488943337 298.716534728764 -8.29699542636023 42.6 42.6 185.6082
0.0900000000000001 11.9136669330122 7.29189994629687 7.33208060455717 298.159820365794 -8.29690137855065 42.6 42.6 185.736
0.09075 11.9894741086472 7.41325978747698 7.38174508014118 299.60853252669 -8.29597634071556 42.6 42.6 185.8638
0.0915 11.9711296285336 7.46667412286505 7.4102605524617 301.228375566711 -8.29546961864961 42.6 42.6 185.9916
0.09225 11.9770734254958 7.50244640274477 7.43552015212525 298.042777298 -8.2950766737357 42.6 42.6 186.1194
0.0929999999999999 12.0945881709033 7.55468460470481 7.54862427810372 302.418479567795 -8.29438815720533 42.6 42.6 186.2472
0.0937500000000001 12.1886617645173 7.63340070124045 7.63104021260842 301.263353852047 -8.29384039563758 42.6 42.6 186.375
0.0945 12.147443027896 7.64695118917736 7.58130274435954 301.289970960251 -8.29282560654626 42.6 42.6 186.5028
0.0952499999999999 12.2829018007479 7.74218702768785 7.69233651547821 302.621567184537 -8.29227628770281 42.6 42.6 186.6306
0.0960000000000001 12.3226024962273 7.76897210408006 7.78085949351479 297.358724191562 -8.29109948238468 42.6 42.6 186.7584
0.09675 12.3074638063885 7.86698275138907 7.8078327964694 300.498413166824 -8.2902616674905 42.6 42.6 186.8862
0.0974999999999999 12.3677961268666 7.89304239192964 7.88224235155587 298.173626257122 -8.28998333982726 42.6 42.6 187.014
0.0982500000000001 12.4262365912277 7.91000451240069 7.88308539280872 299.768301570251 -8.28891931159984 42.6 42.6 187.1418
0.0989999999999999 12.4529413303913 7.94691991648871 7.88562693488663 300.433790906573 -8.28839261101814 42.6 42.6 187.2696
0.09975 12.4755154375702 8.05850522368334 8.0104568713644 298.973983039118 -8.28746498472844 42.6 42.6 187.3974
0.1005 12.5595910379406 8.12585079007739 8.05366308237153 303.210086213127 -8.28686966255234 42.6 42.6 187.5252
0.10125 12.5546634305117 8.14875617877884 8.06944591495281 301.175814103302 -8.28631681033437 42.6 42.6 187.653
0.102 12.5730218435323 8.23132320340135 8.19775509090159 301.395913101952 -8.28506096924593 42.6 42.6 187.7808
0.10275 12.6033891223353 8.28795517207768 8.24632010313517 301.310130219378 -8.28427271537874 42.6 42.6 187.9086
0.1035 12.7003384290534 8.34711261192686 8.31185565527239 299.945319418523 -8.28393663047575 42.6 42.6 188.0364
0.10425 12.7243091557661 8.38499633368923 8.32534756743836 302.959819977546 -8.2830591511269 42.6 42.6 188.1642
0.105 12.761982286749 8.43787355389686 8.43820382471923 300.806457510831 -8.2821469253258 42.6 42.6 188.292
0.10575 12.7799483097193 8.45455096254636 8.41404635751767 299.723555723265 -8.28132164355902 42.6 42.6 188.4198
0.1065 12.8518106781388 8.61609068057359 8.51269686006086 300.00366496949 -8.28039095470994 42.6 42.6 188.5476
0.10725 12.8632999614923 8.63110660849172 8.52805426780073 301.888758405229 -8.27930465670752 42.6 42.6 188.6754
0.108 12.9068311012118 8.70984366539451 8.62740572226081 299.98319783222 -8.27911457481123 42.6 42.6 188.8032
0.10875 12.9906776926521 8.7607201686992 8.68429356252259 303.075794205841 -8.27817281629559 42.6 42.6 188.931
0.1095 12.9497860024807 8.73707908747615 8.72209024154655 301.709314688373 -8.27746678226102 42.6 42.6 189.0588
0.11025 12.9094527834437 8.87051071997456 8.73943531736098 301.685302153949 -8.27679392212004 42.6 42.6 189.1866
0.111 12.9296338691873 8.83340078684715 8.74942959009914 301.966388043887 -8.27555197846897 42.6 42.6 189.3144
0.11175 13.0004184956114 8.91838000430198 8.87517423276032 296.99844001383 -8.27490851746384 42.6 42.6 189.4422
0.1125 12.9611894242637 8.98800800115069 8.94097285959383 299.418699550696 -8.27393550641155 42.6 42.6 189.57
0.11325 13.0745919998105 9.00350150842502 8.9751198531355 299.814726270457 -8.27335586960831 42.6 42.6 189.6978
0.114 13.0103051644263 9.07049526860402 9.0471568815074 298.499382926618 -8.27220014514891 42.6 42.6 189.8256
0.11475 13.1019991618125 9.08144501679717 9.01053434300307 301.01450044228 -8.2716030034113 42.6 42.6 189.9534
0.1155 13.0989755655001 9.16144104332841 9.17425998654626 298.664068691672 -8.27081941342998 42.6 42.6 190.0812
0.11625 13.0844099409285 9.20089275570339 9.16898570555572 304.508211916376 -8.27013377447072 42.6 42.6 190.209
0.117 13.1112940002623 9.26893589873593 9.18289116714995 300.913959177549 -8.26949500124994 42.6 42.6 190.3368
0.11775 13.1667245455756 9.31967586120245 9.226438646136 299.732539359716 -8.26832299463975 42.6 42.6 190.4646
0.1185 13.2017659323124 9.39226144833322 9.3631435255422 301.832870369707 -8.26746779662306 42.6 42.6 190.5924
0.11925 13.2121522069948 9.38816228702799 9.37934497039465 299.046083146372 -8.26706045734013 42.6 42.6 190.7202
0.12 13.2077237220725 9.44219834653642 9.4124118589986 299.992462108553 -8.26582890964479 42.6 42.6 190.848
0.12075 13.2762712408439 9.53626213656737 9.51580771046095 301.331257165089 -8.26545680677481 42.6 42.6 190.9758
0.1215 13.30944984844 9.59918951340839 9.56542078014214 298.051450503906 -8.26487414185477 42.6 42.6 191.1036
0.12225 13.3461555194668 9.60823730859924 9.608328878334 299.696220045567 -8.2635618099158 42.6 42.6 191.2314
0.123 13.3523460514934 9.63371865857084 9.61625479320732 301.138723967525 -8.26265468372757 42.6 42.6 191.3592
0.12375 13.3538587753895 9.72788495009491 9.67392885169386 296.603835930091 -8.26158776224813 42.6 42.6 191.487
0.1245 13.4353525883517 9.74465082451033 9.76253237819011 301.550490481166 -8.26158069072973 42.6 42.6 191.6148
0.12525 13.4521677485297 9.78608333332832 9.74035043888615 301.438243619773 -8.26041622906815 42.6 42.6 191.7426
0.126 13.5491760251248 9.87912540771877 9.89576832685231 299.422188530913 -8.25986778983338 42.6 42.6 191.8704
0.12675 13.4918864099392 9.85062412432407 9.84668407409576 300.365814348039 -8.25848390217678 42.6 42.6 191.9982
0.1275 13.5919838535396 9.95746480372905 9.98087649657475 298.608583216898 -8.25806555066924 42.6 42.6 192.126
0.12825 13.572570486038 9.9720246568763 10.0114913109129 301.313530457073 -8.25723810457704 42.6 42.6 192.2538
0.129 13.5868874821577 10.0441825997488 10.0289960241303 298.983953316265 -8.25618256125532 42.6 42.6 192.3816
0.12975 13.5542640561887 10.0653654080772 10.0140176863746 299.958368265605 -8.25548307791655 42.6 42.6 192.5094
0.1305 13.5954082133949 10.1040878949625 10.1336330619194 301.440738377447 -8.25455022602502 42.6 42.6 192.6372
0.13125 13.5829052279099 10.206382553845 10.1712904844224 298.197461048061 -8.2538850457757 42.6 42.6 192.765
0.132 13.6296135903157 10.2589409208332 10.2319413558724 302.47168892491 -8.25305142035389 42.6 42.6 192.8928
0.13275 13.7164712859143 10.2708328252042 10.2831727664593 299.179635352432 -8.25247957035915 42.6 42.6 193.0206
0.1335 13.6500924238206 10.3062689248707 10.3053199528323 302.137890527335 -8.25172757620956 42.6 42.6 193.1484
0.13425 13.6782482390895 10.3396584681706 10.2776187990544 302.262615990562 -8.25066253650786 42.6 42.6 193.2762
0.135 13.7366770064664 10.4241753219621 10.394141418008 296.674255184684 -8.24990281804273 42.6 42.6 193.404
0.13575 13.7432631269488 10.4376510900161 10.4333561364417 301.223095513161 -8.24895440983497 42.6 42.6 193.5318
0.1365 13.7471878732586 10.5316808081755 10.5224481475294 300.739228890154 -8.24783258255143 42.6 42.6 193.6596
0.13725 13.7705972848152 10.4921850778606 10.4863764631846 297.687626933634 -8.24677057789538 42.6 42.6 193.7874
0.138 13.7541311524934 10.6039640142581 10.5734305112374 298.681720916936 -8.24632438199288 42.6 42.6 193.9152
0.13875 13.7867113667872 10.5932296631417 10.5265615419572 308.274263767889 -8.24494141765708 42.6 42.6 194.043
0.1395 13.7700445804478 10.650719847054 10.5809383593293 297.695007275062 -8.24488343201523 42.6 42.6 194.1708
0.14025 13.7206534357929 10.6114677808342 10.6119982267565 299.294546999942 -8.24341268378463 42.6 42.6 194.2986
0.141 13.7980275671904 10.6935455524547 10.6812561301913 299.758902614292 -8.24313271062903 42.6 42.6 194.4264
0.14175 13.8917110226917 10.750931633951 10.7199702585585 297.316005428517 -8.24208167918107 42.6 42.6 194.5542
0.1425 13.8512517125573 10.7990021686034 10.789303107044 299.721781706823 -8.24119568419605 42.6 42.6 194.682
0.14325 13.897651128841 10.8297478036516 10.8707905770066 299.360847528437 -8.24087453102433 42.6 42.6 194.8098
0.144 13.9758738354518 10.8144332281639 10.7630609774104 301.949729352504 -8.2398239540212 42.6 42.6 194.9376
0.14475 13.9151044478999 10.9253970837821 10.9323562531138 298.469131146231 -8.23921315923351 42.6 42.6 195.0654
0.1455 14.005360927625 11.0074313745193 10.9956346504966 300.02327037615 -8.23832828132874 42.6 42.6 195.1932
0.14625 13.9085039232799 10.9262147854071 10.9182534576581 300.529994314294 -8.23750393180311 42.6 42.6 195.321
0.147 13.9954034536351 11.0435757685458 11.01483687817 299.629754302181 -8.2372364840496 42.6 42.6 195.4488
0.14775 14.0087950510988 11.1096596177531 11.1116279455301 297.884930558899 -8.23663514093965 42.6 42.6 195.5766
0.1485 14.0422104586148 11.1309737746491 11.1030202119494 301.562982150109 -8.2358784183829 42.6 42.6 195.7044
0.14925 13.9963106456603 11.1461922887138 11.0838291064698 299.121176974149 -8.23536290974563 42.6 42.6 195.8322
0.15 14.0772846224053 11.2277774645542 11.1651535294698 302.196086986287 -8.23443146166471 42.6 42.6 195.96
0.15075 14.0490517617852 11.2545772740415 11.2869838897608 300.041820500013 -8.23381037078391 42.6 42.6 196.0878
0.1515 14.1267854982015 11.3183726815827 11.2607296197737 301.726807826366 -8.23308368050992 42.6 42.6 196.2156
0.15225 14.1194652385093 11.3337429422875 11.3423503912261 302.175193166514 -8.23199898119784 42.6 42.6 196.3434
0.153 14.1082904379375 11.3580952228739 11.3558558475413 299.647537676144 -8.23153912812607 42.6 42.6 196.4712
0.15375 14.1292554248932 11.3730001335877 11.4074115232173 300.559661780382 -8.23020538936485 42.6 42.6 196.599
0.1545 14.1882353781941 11.4427123708168 11.4141887256512 302.996323688354 -8.22910838977189 42.6 42.6 196.7268
0.15525 14.2141346175006 11.4262653952898 11.4302174474541 298.947739185016 -8.22890727849218 42.6 42.6 196.8546
0.156 14.2517474410096 11.4759763680929 11.5046246309865 299.856131786374 -8.22827845578072 42.6 42.6 196.9824
0.15675 14.0393654590239 11.4853146871149 11.5001223786969 300.967166581317 -8.22729872613461 42.6 42.6 197.1102
0.1575 14.0783100465838 11.5215910776219 11.4138944378018 300.132972839353 -8.22684461885339 42.6 42.6 197.238
0.15825 14.2380146684321 11.5368469825567 11.5209543311339 298.698987465932 -8.22650157243881 42.6 42.6 197.3658
0.159 14.1384832794258 11.6019504672859 11.5575537994964 299.867417779635 -8.22530140386787 42.6 42.6 197.4936
0.15975 14.1258296116622 11.5912951856522 11.5040481299185 300.012438927146 -8.2247394835689 42.6 42.6 197.6214
0.1605 14.0985572154578 11.614235240706 11.5580032580782 297.880298181458 -8.22399245311017 42.6 42.6 197.7492
0.16125 14.1940368854143 11.6523289188197 11.5669188506627 300.266355738276 -8.22324399797235 42.6 42.6 197.877
0.162 14.1278483398578 11.6708289403384 11.6371002100178 299.491747855235 -8.22295346419 42.6 42.6 198.0048
0.16275 14.1852654064599 11.6685524376848 11.5519884489129 301.955983718729 -8.2222422371643 42.6 42.6 198.1326
0.1635 13.9746923379851 11.620311278489 11.4712267065743 301.455335410546 -8.22175427066666 42.6 42.6 198.2604
0.16425 14.0962694481088 11.643365366923 11.4657380413268 301.336999085871 -8.22181093043542 42.6 42.6 198.3882
0.165 13.9666080909294 11.5042820252687 11.4037472170167 300.684169320797 -8.22160787954289 42.6 42.6 198.516
0.16575 13.7617315241974 11.4458160520602 11.2371728804339 301.426747201243 -8.22161672680604 42.6 42.6 198.6438
0.1665 13.4401809863279 11.0969013057536 10.979656564368 307.974806755582 -8.22320440222547 42.6 42.6 198.7716
0.16725 12.8377089701352 10.5383158134909 10.5184599279804 317.442428057575 -8.22690888016582 42.6 42.6 198.8994
0.168 11.9383223514505 9.62080818059252 9.70630401983991 339.076717574524 -8.2350740921528 42.6 42.6 199.0272
0.16875 10.5502160443773 8.3173659496709 8.40878267192434 373.312543081957 -8.24956306354905 42.6 42.6 199.155
0.1695 8.9663687933969 6.80460223720337 6.86372925069983 406.493325510191 -8.27028218309224 42.6 42.6 199.2828
0.17025 6.99734229862536 5.08789663278931 5.18652989473028 415.295876701153 -8.29349960187047 42.6 42.6 199.4106
0.171 4.99042498192408 3.5554047956535 3.68401180440374 396.918772473869 -8.31485110111142 42.6 42.6 199.5384
0.17175 2.75339709095679 2.29077962553308 2.3218127166567 355.236562986821 -8.33045282735833 42.6 42.6 199.6662
0.1725 0.136307765398408 0.790173322802255 0.820023842929797 311.540791426333 -8.33923338579851 42.6 42.6 199.794
0.17325 -2.82895522012276 -0.899309620800566 -0.80942935306618 288.570341949251 -8.34020663606747 42.6 42.6 199.9218
0.174 -5.8929095361119 -2.42664670930926 -2.44648961421451 293.257275193247 -8.33356854893423 42.6 42.6 200.0496
0.17475 -8.35309077280341 -3.60691859014834 -7.76935595302012 3002.81579198794 -8.34595208463827 42.6 42.6 200.1774
0.1755 -5.22585124760809 -1.6726781107652 -2.2742918027609 432.7448524322 -8.35914391814957 42.6 42.6 200.3052
0.17625 -3.37480250030338 -0.841977377390602 -1.15782116771631 271.14369160381 -8.3640667343429 42.6 42.6 200.433
0.177 -1.06741181632146 0.281922139133203 -0.103449670958779 325.762009374312 -8.36552986957273 42.6 42.6 200.5608
0.17775 1.01798931711392 1.3083838400765 1.01912967402239 283.276109301991 -8.36565925923376 42.6 42.6 200.6886
0.1785 2.72286801619582 2.20836945484607 1.76790089432114 307.937622651464 -8.36260702580954 42.6 42.6 200.8164
0.17925 3.53003719331354 2.68753550129422 2.1516610972997 303.320723178188 -8.35979464961246 42.6 42.6 200.9442
0.18 3.72233651716339 2.75281722212957 2.19545096458151 298.626505079579 -8.35804505720612 42.6 42.6 201.072
0.18075 3.24101950321234 2.5106435661616 1.98759449167742 300.977564459913 -8.35787636165136 42.6 42.6 201.1998
0.1815 2.29049066169335 2.04615330011443 1.50329955338982 300.008335749409 -8.3594853428381 42.6 42.6 201.3276
0.18225 0.875570561625091 1.25613956697067 0.842718729321958 293.000292074195 -8.36101191150846 42.6 42.6 201.4554
0.183 -1.17075105769119 0.157381516141665 -0.259514651748755 303.021358248521 -8.36021409201659 42.6 42.6 201.5832
0.18375 -2.97001168409518 -0.836102704680973 -1.19686412508113 297.23679351224 -8.3568817130348 42.6 42.6 201.711
0.1845 -4.19442622824693 -1.50445436694373 -1.90394196523338 307.224924214887 -8.35320880644812 42.6 42.6 201.8388
0.18525 -4.12548344147247 -1.47427751764468 -1.83476553712354 291.439347971797 -8.35184835121544 42.6 42.6 201.9666
0.186 -3.23373219229896 -1.04835543572027 -1.42586084372555 335.629993528169 -8.35129671089575 42.6 42.6 202.0944
0.18675 -1.72012632695784 -0.389334948529675 -0.589766935159863 269.331025462079 -8.35387819262756 42.6 42.6 202.2222
0.1875 0.0224553139650691 0.498848034439252 0.341800358372257 327.730271778871 -8.35135881671488 42.6 42.6 202.35
0.18825 1.73430033937438 1.4053234217292 1.3973879467072 270.038371776898 -8.35209945088838 42.6 42.6 202.4778
0.189 2.71920790145138 1.87211115801244 1.81735503613712 321.046508351888 -8.34596893438373 42.6 42.6 202.6056
0.18975 3.33579126328759 2.20441021481594 2.08220313829765 283.633056397299 -8.34561707996381 42.6 42.6 202.7334
0.1905 3.25776501305711 2.00996719917463 1.94166930189731 316.005307029009 -8.34273908426354 42.6 42.6 202.8612
0.19125 2.72577737909263 1.83112875113323 1.74419748333921 289.447422040908 -8.34600863011899 42.6 42.6 202.989
0.192 1.59377345740458 1.32714705279003 1.1396304129821 312.743472838791 -8.34692082414016 42.6 42.6 203.1168
0.19275 0.120499000273952 0.514729223445 0.397276966250242 293.019975951235 -8.34936920452615 42.6 42.6 203.2446
0.1935 -1.53239755662222 -0.388655431553872 -0.48544307189501 301.003180580015 -8.34786233782281 42.6 42.6 203.3724
0.19425 -2.9365205719384 -1.18806759843743 -1.23177029235232 299.317596359867 -8.3449482430388 42.6 42.6 203.5002
0.195 -3.65038347773539 -1.5086191537387 -1.58409994138906 297.132951559164 -8.34288968805049 42.6 42.6 203.628
0.19575 -3.48996368799154 -1.51978656506977 -1.61275281079659 305.700232392596 -8.34130676376805 42.6 42.6 203.7558
0.1965 -2.5382454900266 -0.998071766059093 -1.03003251229494 296.491109506137 -8.34347822156634 42.6 42.6 203.8836
0.19725 -1.12070354927741 -0.235826273889027 -0.313507363339018 299.166335786044 -8.34443518432615 42.6 42.6 204.0114
0.198 0.505345983020926 0.617457647506998 0.466848601342504 300.608527190942 -8.34372542338148 42.6 42.6 204.1392
0.19875 1.78785907297522 1.28237105124806 1.22171637477837 295.801816067648 -8.34114958116947 42.6 42.6 204.267
0.1995 2.61136653110719 1.65610282989046 1.71053504905386 309.808184954715 -8.33520131458508 42.6 42.6 204.3948
0.20025 3.06935367465209 1.8486290134289 1.85917545135117 295.841554436747 -8.33222410617059 42.6 42.6 204.5226
0.201 2.8739332038667 1.73640432964031 1.73094436454592 308.52411687674 -8.32954755642278 42.6 42.6 204.6504
0.20175 2.48241162257214 1.53420906792375 1.56098396389594 285.617983070928 -8.33502433059616 42.6 42.6 204.7782
0.2025 1.56653967319291 0.99838381320439 1.04149048032669 303.075178671921 -8.33576063231538 42.6 42.6 204.906
0.20325 0.0951465855095329 0.328240122857297 0.353668492869675 304.07171337602 -8.33896815570678 42.6 42.6 205.0338
0.204 -1.15584105881551 -0.298943110677663 -0.343849353376114 287.901542696368 -8.34128476482138 42.6 42.6 205.1616
0.20475 -2.38396264992054 -1.08658045371754 -1.09450684172481 310.543540367062 -8.33653133008722 42.6 42.6 205.2894
0.2055 -2.87983437445087 -1.2682617741599 -1.23871192623316 291.36293316409 -8.33763244584057 42.6 42.6 205.4172
0.20625 -2.95575512596529 -1.42809505774434 -1.39698279936312 304.539437230271 -8.33574655867239 42.6 42.6 205.545
0.207 -2.25337997238514 -1.03337025299003 -1.02538556887532 304.325112772628 -8.33724266293986 42.6 42.6 205.6728
0.20775 -1.15902515293401 -0.462427029200673 -0.352197554889382 290.473917717471 -8.34024604159203 42.6 42.6 205.8006
0.2085 0.109673334912913 0.25285347495585 0.228727314194324 308.926765173931 -8.33790449512139 42.6 42.6 205.9284
0.20925 1.39825771281154 0.957982159033905 0.926709056858462 291.856142870338 -8.33749478185161 42.6 42.6 206.0562
0.21 2.07184951439179 1.28008854518353 1.20233924405821 301.53764589841 -8.33380123453832 42.6 42.6 206.184
0.21075 2.51200290730508 1.56143227078474 1.56091799902792 304.895718084467 -8.33137633196312 42.6 42.6 206.3118
0.2115 2.65039798452879 1.57837822515592 1.54498325801867 294.430745284281 -8.33281113483356 42.6 42.6 206.4396
0.21225 2.09624765319643 1.26907258388012 1.27068735580968 306.281548941085 -8.33302166134954 42.6 42.6 206.5674
0.213 1.42679620349611 0.925693113745705 0.936796404051752 295.553980352233 -8.33758717509984 42.6 42.6 206.6952
0.21375 0.325253428399709 0.347690260736808 0.336122653200606 296.378052025722 -8.33940245662161 42.6 42.6 206.823
0.2145 -1.02303300083335 -0.32070311574016 -0.308924840416591 303.128593643209 -8.33983829586442 42.6 42.6 206.9508
0.21525 -1.92106279221196 -0.83731523040258 -0.818569018472694 292.932002685582 -8.33945564567897 42.6 42.6 207.0786
0.216 -2.56825083204323 -1.19612341222309 -1.24174073693665 305.328329872652 -8.33676451171148 42.6 42.6 207.2064
0.21675 -2.54504842987979 -1.24202910866855 -1.19227898343232 298.96314820542 -8.33742574291913 42.6 42.6 207.3342
0.2175 -2.09349777694128 -0.926649666385283 -0.904695391901346 299.42647846605 -8.33827639784798 42.6 42.6 207.462
0.21825 -1.06402550512964 -0.333289965070374 -0.36587459309328 303.279126286403 -8.33914066982036 42.6 42.6 207.5898
0.219 0.200877531289008 0.340168755615342 0.269315809273998 294.097917522719 -8.33955684606876 42.6 42.6 207.7176
0.21975 1.00033084961789 0.706258867433022 0.651098738789367 301.39150560424 -8.33698445085065 42.6 42.6 207.8454
0.2205 1.75286885492997 1.08524870190983 1.15571076918874 298.221555883907 -8.33547003344489 42.6 42.6 207.9732
0.22125 2.16926654177201 1.33007015370169 1.33442348712191 300.953944201772 -8.33390015971981 42.6 42.6 208.101
0.222 2.21807526850524 1.39421511728054 1.40363792249914 304.645972460457 -8.33300499532936 42.6 42.6 208.2288
0.22275 1.89931931413453 1.23756534481657 1.29412524885999 296.934764771632 -8.33548855434718 42.6 42.6 208.3566
0.2235 1.15073267326578 0.822588407079247 0.902754142860607 300.291068256792 -8.33667919256312 42.6 42.6 208.4844
0.22425 0.265627933581255 0.351126285245116 0.348124138696113 298.323950869064 -8.33932685408161 42.6 42.6 208.6122
0.225 -0.802259617140204 -0.260505374715758 -0.21007425947366 297.246262112352 -8.33999701536775 42.6 42.6 208.74
0.22575 -1.61409219878783 -0.643774373311565 -0.698684882044285 302.857685293256 -8.33873716733552 42.6 42.6 208.8678
0.2265 -2.19693802816294 -0.981591152767121 -1.01133197484954 297.96710995629 -8.33868510685001 42.6 42.6 208.9956
0.22725 -2.29408401230837 -1.00979936459813 -1.03666067478685 304.094228343504 -8.33756816546467 42.6 42.6 209.1234
0.228 -1.77303569076236 -0.708948100635654 -0.763859960872443 299.789394546129 -8.33853641008894 42.6 42.6 209.2512
0.22875 -0.941150610620516 -0.299349440028828 -0.361076421273185 297.211890281325 -8.33953955111634 42.6 42.6 209.379
0.2295 0.0461663953194818 0.182769493275926 0.222765295494881 302.922839510519 -8.3387265735922 42.6 42.6 209.5068
0.23025 0.97887409981044 0.683599391278678 0.737093841072108 297.263573127027 -8.33814923745538 42.6 42.6 209.6346
0.231 1.55961158116103 1.05145788008752 1.02356112981493 304.256709672497 -8.33593956531294 42.6 42.6 209.7624
0.23175 1.94035876545875 1.19652248086599 1.19715462463913 298.126021074061 -8.33443081064132 42.6 42.6 209.8902
0.2325 2.03304811720309 1.18635759174752 1.25135016778569 300.126593661491 -8.33466502979183 42.6 42.6 210.018
0.23325 1.72108647317425 1.10198096025944 1.11101895420087 304.719026030459 -8.33577774218147 42.6 42.6 210.1458
0.234 1.08791409333267 0.779316997752237 0.800539579865013 295.557215880586 -8.33825649647023 42.6 42.6 210.2736
0.23475 0.185631721120775 0.259617570447641 0.314693603765215 301.277854028588 -8.33914905453501 42.6 42.6 210.4014
0.2355 -0.762862599462161 -0.249404134222178 -0.151874667389971 296.86148689255 -8.33982324609701 42.6 42.6 210.5292
0.23625 -1.53842233919635 -0.587162278293829 -0.540446852959967 298.534824295418 -8.3394798229229 42.6 42.6 210.657
0.237 -1.97007328071669 -0.890122860556013 -0.897207396400932 302.707821170094 -8.33811060986515 42.6 42.6 210.7848
0.23775 -1.98071351368251 -0.877978459572444 -0.866338539710342 297.510402363439 -8.33854772105525 42.6 42.6 210.9126
0.2385 -1.62669387723037 -0.701100628344213 -0.68467259252059 301.158103930916 -8.33856712968459 42.6 42.6 211.0404
0.23925 -0.832055878241244 -0.253507631151432 -0.23458317096202 297.97005675795 -8.33939517952634 42.6 42.6 211.1682
0.24 0.0718601605645539 0.197948433059961 0.172392433526063 298.060533885838 -8.33945884278694 42.6 42.6 211.296
0.24075 0.809520764324757 0.558491467899304 0.6013763854665 300.517578386857 -8.33749594977883 42.6 42.6 211.4238
0.2415 1.41773304988071 0.953149151162862 0.951132390343369 298.061978615935 -8.33683167466558 42.6 42.6 211.5516
0.24225 1.64872546149233 1.10342495937834 1.09568453098441 301.816457238933 -8.33510725752792 42.6 42.6 211.6794
0.243 1.79283554649649 1.10643947352119 1.12198968443313 301.072140538589 -8.33524993882156 42.6 42.6 211.8072
0.24375 1.48177482856055 0.942275776408035 0.94225120089117 299.619010841624 -8.33661275006312 42.6 42.6 211.935
0.2445 0.829777875968119 0.613765862911753 0.674292777423595 300.22268037837 -8.33752433596972 42.6 42.6 212.0628
0.24525 0.0481499478660652 0.213799768149192 0.254126045787291 298.146088260288 -8.33976340978849 42.6 42.6 212.1906
0.246 -0.68775898870587 -0.104859261301251 -0.165991150254559 300.404196899983 -8.33957467005232 42.6 42.6 212.3184
0.24675 -1.3511565367894 -0.514704822149452 -0.539428773889759 300.100665358808 -8.33946420443591 42.6 42.6 212.4462
0.2475 -1.77128280282774 -0.788720022970146 -0.744027084251636 300.612150383787 -8.33898182996075 42.6 42.6 212.574
0.24825 -1.79767458097386 -0.765064271593091 -0.756070319712716 303.315191345807 -8.33851025965001 42.6 42.6 212.7018
0.249 -1.37542991619326 -0.594896056546841 -0.506990281596733 299.850425857825 -8.33832869695479 42.6 42.6 212.8296
0.24975 -0.711481687087147 -0.175633662860497 -0.196451842161866 293.787512266201 -8.33923795131213 42.6 42.6 212.9574
0.2505 -0.0211310393759504 0.174803179154264 0.198369212393665 306.934023356901 -8.33725315300617 42.6 42.6 213.0852
0.25125 0.806702862997041 0.707820076456534 0.576641155090831 291.56785978857 -8.33825789735969 42.6 42.6 213.213
0.252 1.24569495166463 0.777402478547822 0.805396294494287 305.719877358385 -8.33554309456797 42.6 42.6 213.3408
0.25275 1.52542851633011 1.00071295047074 1.01253710812361 298.957013693086 -8.3345619611407 42.6 42.6 213.4686
0.2535 1.59937506765856 1.02806596040796 1.04000506934868 294.402816588887 -8.33574111272256 42.6 42.6 213.5964
0.25425 1.26935699549327 0.815620464227895 0.8434127827095 308.923257167212 -8.33534773292572 42.6 42.6 213.7242
0.255 0.707979320264898 0.572345360909891 0.628048494311082 294.3612663224 -8.338323919379 42.6 42.6 213.852
0.25575 0.000829871902969647 0.233230577471877 0.203616430251222 302.369548911878 -8.33848952182583 42.6 42.6 213.9798
0.2565 -0.646645930990463 -0.181494130807449 -0.198952633253085 300.300413567689 -8.33854984768855 42.6 42.6 214.1076
0.25725 -1.19104723639882 -0.507119004477465 -0.452341325295893 295.33230303303 -8.339333476737 42.6 42.6 214.2354
0.258 -1.63908472818772 -0.76220300235733 -0.738932462021042 304.230325416615 -8.33699189339976 42.6 42.6 214.3632
0.25875 -1.48909588784358 -0.606013204551292 -0.62998177254755 295.13643240171 -8.33838581540137 42.6 42.6 214.491
0.2595 -1.21856584330616 -0.457076288881554 -0.462439892562538 301.296342339424 -8.33821619686716 42.6 42.6 214.6188
0.26025 -0.605376122480957 -0.118326128796 -0.137685055021193 303.950899442294 -8.33836226309696 42.6 42.6 214.7466
0.261 0.084074332886565 0.23118021314113 0.20514673338459 295.070002210237 -8.3390422746088 42.6 42.6 214.8744
0.26175 0.711419066378743 0.480214200383816 0.546454939235639 307.983910320766 -8.33687674978104 42.6 42.6 215.0022
0.2625 1.24239011878046 0.777031032969702 0.852502636648902 297.515326982855 -8.33663702491498 42.6 42.6 215.13
0.26325 1.50342205381245 0.970264585225497 0.963387997896455 299.599041469571 -8.33527561168343 42.6 42.6 215.2578
0.264 1.37623953749364 0.919700526446771 0.869057350444789 306.306499787006 -8.33527097675984 42.6 42.6 215.3856
0.26475 1.19498916120991 0.740263772762069 0.843172730229133 295.665173884554 -8.33720041896312 42.6 42.6 215.5134
0.2655 0.602352080530004 0.442298402844923 0.473588309543406 303.521046889242 -8.33671339494076 42.6 42.6 215.6412
0.26625 -0.00311713047335372 0.181148434977076 0.126645132703469 298.194470734763 -8.33899890467636 42.6 42.6 215.769
0.267 -0.661668582890481 -0.167762411476739 -0.101961847874595 298.803341802795 -8.33889788194588 42.6 42.6 215.8968
0.26775 -1.25111518630986 -0.503811634231567 -0.479025467833854 303.353914140613 -8.33798022731655 42.6 42.6 216.0246
0.2685 -1.3604514574421 -0.532537646823862 -0.537371823315232 295.177055229532 -8.33872605405425 42.6 42.6 216.1524
0.26925 -1.39930105031123 -0.648591709352987 -0.544320046871256 304.367441262885 -8.33764898953776 42.6 42.6 216.2802
0.27 -0.927429154767741 -0.379625907905765 -0.29294245160865 299.06348866113 -8.33863165030594 42.6 42.6 216.408
0.27075 -0.481987698525348 -0.059939067544739 -0.0107582042389157 298.265449552874 -8.33865566722855 42.6 42.6 216.5358
0.2715 0.171183314887077 0.260696491617084 0.248832080277639 303.498566577671 -8.3375838090424 42.6 42.6 216.6636
0.27225 0.704574871213294 0.507349086953673 0.62276216875619 295.920567000306 -8.33758694107689 42.6 42.6 216.7914
0.273 1.08564130014388 0.715939314752425 0.718763875942685 302.747614600892 -8.33573641704916 42.6 42.6 216.9192
0.27375 1.28877276392794 0.854640665608164 0.812020120805709 301.127946625673 -8.33578261227993 42.6 42.6 217.047
0.2745 1.2456371823368 0.819682748156262 0.85556306784143 298.959008247418 -8.33618454443421 42.6 42.6 217.1748
0.27525 0.961403011219682 0.646970123089616 0.690432265094928 302.468837754911 -8.33621454050517 42.6 42.6 217.3026
0.276 0.450246986995061 0.402652086132487 0.367831599964403 295.02961070907 -8.33800035324939 42.6 42.6 217.4304
0.27675 -0.101856660093329 0.108338799288729 0.0855386399828109 302.581176268487 -8.33846835762337 42.6 42.6 217.5582
0.2775 -0.689146881607083 -0.205466786711753 -0.165123634794109 299.748029873702 -8.33861450206196 42.6 42.6 217.686
0.27825 -1.05888167525884 -0.433644950611958 -0.36026603923004 297.980233762605 -8.3387902166152 42.6 42.6 217.8138
0.279 -1.31799726508522 -0.585620709102681 -0.512213503871886 304.195817753654 -8.33764616693206 42.6 42.6 217.9416
0.27975 -1.20069197382863 -0.454696233650062 -0.461254659235893 298.160451904282 -8.33837925574364 42.6 42.6 218.0694
0.2805 -0.806844711519363 -0.273227059701912 -0.222370965979234 299.783138459695 -8.3384527844676 42.6 42.6 218.1972
0.28125 -0.34761774123871 -0.0846929601396884 0.012247750056162 304.12747195032 -8.33772535846807 42.6 42.6 218.325
0.282 0.260758041566 0.303175823543716 0.334945259362542 296.303177073806 -8.33878322125038 42.6 42.6 218.4528
0.28275 0.685572047757315 0.512870839044481 0.554755464702175 304.689216473033 -8.33663222013845 42.6 42.6 218.5806
0.2835 0.987602935400167 0.678134887571755 0.68908668435178 299.780646412768 -8.33661247496255 42.6 42.6 218.7084
0.28425 1.22397735531106 0.843272282558853 0.896880183960879 298.673793210685 -8.33623669806337 42.6 42.6 218.8362
0.285 1.0840577014922 0.689226221168832 0.736892256998138 304.909383409584 -8.33566666249036 42.6 42.6 218.964
0.28575 0.819888922817762 0.558893855092439 0.612886393753158 297.622947252736 -8.33793704089623 42.6 42.6 219.0918
0.2865 0.339157532119254 0.335721828678953 0.379823973876151 302.890503541726 -8.33751534470684 42.6 42.6 219.2196
0.28725 -0.157336973559086 0.01252043661663 0.0869655687582203 299.372519260453 -8.33850249036249 42.6 42.6 219.3474
0.288 -0.710093366047641 -0.176826984848531 -0.222833503691035 298.42030512702 -8.33899989592895 42.6 42.6 219.4752
0.28875 -1.0920195175622 -0.46246292470288 -0.43494061597845 302.881575844207 -8.33765989350544 42.6 42.6 219.603
0.2895 -1.19201588277975 -0.476022944539823 -0.446224810537557 299.317667219025 -8.33903418966121 42.6 42.6 219.7308
0.29025 -1.05633433337267 -0.394394822071719 -0.418238522161806 299.19748719984 -8.33765391231544 42.6 42.6 219.8586
0.291 -0.661195004980046 -0.196838517779885 -0.224353959203682 299.414469711088 -8.3381857783157 42.6 42.6 219.9864
0.29175 -0.144049541929118 0.111687682182071 0.129560525440224 297.207626154702 -8.33859726129708 42.6 42.6 220.1142
0.2925 0.307189905436366 0.314488449780868 0.322713652652584 302.032609113428 -8.33703834350915 42.6 42.6 220.242
0.29325 0.76355815995245 0.553472793795693 0.617003423024896 296.609129161977 -8.33749314646171 42.6 42.6 220.3698
0.294 0.959292097988447 0.633227133482455 0.633439167396277 302.324415240832 -8.33622508207313 42.6 42.6 220.4976
0.29475 1.05268037261721 0.662907173680117 0.688732693025039 299.6938897165 -8.33597268046605 42.6 42.6 220.6254
0.2955 0.912192749047758 0.70018536566994 0.659121538880964 296.404562298063 -8.33693147915227 42.6 42.6 220.7532
0.29625 0.59345547312243 0.380359738481975 0.483164791705855 303.627161331575 -8.33692140529372 42.6 42.6 220.881
0.297 0.233541637518888 0.277009420685489 0.277642833048193 295.632368071522 -8.33847207282216 42.6 42.6 221.0088
0.29775 -0.247501396892697 -0.000461571597618965 0.0431375518806343 299.802362447602 -8.33828904670173 42.6 42.6 221.1366
0.2985 -0.686724607397949 -0.189519866549092 -0.113563015998255 301.321851775014 -8.33859825505057 42.6 42.6 221.2644
0.29925 -0.939911966289451 -0.390231754379587 -0.37202237884502 297.224437255864 -8.33905093914051 42.6 42.6 221.3922
0.3 -1.03632416165101 -0.45502944398043 -0.447492875910643 303.991190613998 -8.33781083840835 42.6 42.6 221.52
