strain stress_z_GPa stress_x_GPa stress_y_GPa temp_K pe_eV_atom lx ly lz
0 -0.888788932519887 -1.10528234338986 -0.917053676900758 297.399413660063 -8.38174271747107 42.6 42.6 170.4
0.000749999999999878 -0.76922995336103 -1.07583002204751 -0.950308919741338 298.125785933082 -8.38065142986654 42.6 42.6 170.5278
0.00150000000000009 -0.602736295580903 -0.921992189968665 -0.836984087091468 299.71065899449 -8.37940800910965 42.6 42.6 170.6556
0.00224999999999997 -0.605606874932892 -0.995900678730173 -0.865958609709252 299.270547783948 -8.37834833593741 42.6 42.6 170.7834
0.00299999999999985 -0.48814949852651 -0.891419167223231 -0.764569987820577 297.246125039992 -8.37724604646048 42.6 42.6 170.9112
0.00375000000000006 -0.450866191942282 -0.938457348489258 -0.845076933266527 293.436502255958 -8.37520252634762 42.6 42.6 171.039
0.00449999999999994 -0.443025967100994 -0.820268711863165 -0.809741836180196 297.774884933146 -8.37381287880138 42.6 42.6 171.1668
0.00525000000000015 -0.231945950706031 -0.724477215883657 -0.691919849345606 300.888960809013 -8.37347725473769 42.6 42.6 171.2946
0.00600000000000003 -0.128047544601066 -0.76402890246596 -0.693313886601566 300.38987428295 -8.37356410479682 42.6 42.6 171.4224
0.00674999999999991 0.0227932153810869 -0.640641206314337 -0.561251640209835 301.978499572643 -8.37334005245919 42.6 42.6 171.5502
0.00750000000000012 0.270640412526876 -0.526164630786531 -0.488274701701919 299.100338765456 -8.37345682503521 42.6 42.6 171.678
0.00825 0.324215846621427 -0.490942849856755 -0.449664159797048 300.364480310678 -8.37293127637519 42.6 42.6 171.8058
0.00899999999999987 0.53004642403908 -0.354893205653392 -0.323580022212568 298.861396488417 -8.37320163129487 42.6 42.6 171.9336
0.00975000000000008 0.629076806377816 -0.294198428475381 -0.220561900967084 302.127814462855 -8.3730003283562 42.6 42.6 172.0614
0.0105 0.781677291995288 -0.14943068630481 -0.150680833134778 297.895663035758 -8.37266793987665 42.6 42.6 172.1892
0.0112499999999998 0.869794435594899 -0.124686436018672 -0.0974642025982226 302.543762547677 -8.37288925272849 42.6 42.6 172.317
0.0120000000000001 1.13828146763781 0.00424676978295396 0.0370071992660685 300.5148921857 -8.37265293994079 42.6 42.6 172.4448
0.0127499999999999 1.13906964620432 0.0141928547401711 0.0275279328787393 298.338141360789 -8.37230079807705 42.6 42.6 172.5726
0.0135000000000001 1.32280543480933 0.126472110352882 0.152009139862141 300.278574548461 -8.37215544919321 42.6 42.6 172.7004
0.01425 1.47771879830869 0.197921465244443 0.232394671301405 299.623794655555 -8.37225388482988 42.6 42.6 172.8282
0.0149999999999999 1.57604006489544 0.304325276997646 0.328532572986318 302.238712392241 -8.37148799803889 42.6 42.6 172.956
0.0157500000000001 1.69721070658616 0.391398364685511 0.396446569678766 299.862786294395 -8.3715297581338 42.6 42.6 173.0838
0.0165 1.82450852423407 0.450670542485588 0.460778456863676 298.971806093106 -8.37155166077466 42.6 42.6 173.2116
0.0172499999999999 2.03959352825118 0.574237505174547 0.523153504432246 301.009339024117 -8.37113126243951 42.6 42.6 173.3394
0.0180000000000001 2.10538324059117 0.579889866986839 0.573535538443014 298.075737366514 -8.37088429046584 42.6 42.6 173.4672
0.01875 2.20295441050697 0.629021943880593 0.669643802266974 298.958115350202 -8.37050790984732 42.6 42.6 173.595
0.0194999999999998 2.32795504394409 0.678732243150011 0.673088703342848 302.54665199443 -8.37073421034351 42.6 42.6 173.7228
0.02025 2.41898714958141 0.813236667258718 0.833103188556669 297.403172795683 -8.37025515091851 42.6 42.6 173.8506
0.0209999999999999 2.6246018359354 0.862480202772965 0.935384244887664 302.521292037712 -8.3700728822972 42.6 42.6 173.9784
0.0217500000000001 2.67948775639855 0.901435212193447 0.964369524944197 297.290507144521 -8.3696313313393 42.6 42.6 174.1062
0.0225 2.84775966984055 1.05871547425934 1.08600957729668 301.659881554143 -8.36982242048578 42.6 42.6 174.234
0.0232499999999999 2.94277578154671 1.10164082551202 1.07737190081525 298.94756216403 -8.36919185816157 42.6 42.6 174.3618
0.0240000000000001 3.02952327701805 1.22348575167441 1.18395452564217 300.798800971227 -8.36908666359145 42.6 42.6 174.4896
0.02475 3.24647988321462 1.23596966247996 1.23551210953657 299.718979206929 -8.36866353932149 42.6 42.6 174.6174
0.0254999999999999 3.35766394805379 1.3854332140236 1.35589623737047 300.367688154372 -8.36892946932939 42.6 42.6 174.7452
0.0262500000000001 3.43934182201369 1.3847685644821 1.33188134890458 298.789052914896 -8.36794300592545 42.6 42.6 174.873
0.027 3.64573599277227 1.45062241043996 1.45571468594755 298.159216880259 -8.36813007147281 42.6 42.6 175.0008
0.02775 3.66169012210531 1.51514693722108 1.51949559079029 300.304628041575 -8.36744366843545 42.6 42.6 175.1286
0.0285 3.84142062601802 1.62680497107015 1.6045361946822 297.308131198278 -8.36743075019663 42.6 42.6 175.2564
0.0292499999999999 4.00390723862373 1.68431925359487 1.69588854899509 302.688061259183 -8.3671088164853 42.6 42.6 175.3842
0.0300000000000001 4.05688382141834 1.74475647820833 1.82853831050454 298.511301213412 -8.36684569125775 42.6 42.6 175.512
0.03075 4.13066031905482 1.79220204292072 1.78673389751978 299.537481017319 -8.36611015105989 42.6 42.6 175.6398
0.0314999999999999 4.26233238080456 1.90974965472992 1.9315073641031 298.124157301206 -8.36599993796207 42.6 42.6 175.7676
0.0322500000000001 4.47381152762587 1.98697368083494 1.94806668808888 301.587405946734 -8.36575897223672 42.6 42.6 175.8954
0.033 4.50897000521559 1.98879817459416 2.0051998954768 299.961016837166 -8.36533348769567 42.6 42.6 176.0232
0.0337499999999999 4.65780794149419 2.1281347184823 2.07463432464147 298.144046511266 -8.3649175074993 42.6 42.6 176.151
0.0345000000000001 4.78128292301281 2.22631349941666 2.15959780835533 299.549839129869 -8.36450178055344 42.6 42.6 176.2788
0.0352499999999999 4.87339681167411 2.25614411181317 2.25459353562837 297.69658410879 -8.36434485023279 42.6 42.6 176.4066
0.036 4.97817956817656 2.27967550136967 2.33263975863549 300.968024904328 -8.36384943780589 42.6 42.6 176.5344
0.03675 5.05215941921795 2.3649054003842 2.33548374441079 297.085078698408 -8.36366315444783 42.6 42.6 176.6622
0.0374999999999999 5.22526799476688 2.42676389979156 2.4073014710789 301.054925550204 -8.36303991129936 42.6 42.6 176.79
0.0382500000000001 5.32769100909358 2.42430436265411 2.45940404697173 298.101743314316 -8.36295329661578 42.6 42.6 176.9178
0.039 5.4413951221381 2.60166109302007 2.57124171165305 300.963158889551 -8.36224016861645 42.6 42.6 177.0456
0.0397499999999999 5.61823073208389 2.65736309551139 2.63187874646017 298.348371814556 -8.36214321254552 42.6 42.6 177.1734
0.0405000000000001 5.58675543118507 2.68706161571445 2.69686713464619 302.393928228751 -8.36161167840053 42.6 42.6 177.3012
0.04125 5.79481119651511 2.82946090814534 2.82307223129689 299.690852683168 -8.36141788550525 42.6 42.6 177.429
0.0419999999999999 5.82267776055289 2.8159879576651 2.83020542854869 303.047102490563 -8.36081903779089 42.6 42.6 177.5568
0.0427500000000001 5.99123550595288 2.92513693459227 2.87537776647124 298.558195667553 -8.36041747476311 42.6 42.6 177.6846
0.0434999999999999 6.10712739340861 2.98399419089512 2.97581058103271 298.70358637943 -8.35981283830198 42.6 42.6 177.8124
0.0442500000000002 6.18925181691585 3.063521855012 3.02904263856973 298.282609948536 -8.35924920185965 42.6 42.6 177.9402
0.045 6.34360330880503 3.103610996295 3.13415012036531 296.928566135238 -8.35894034260516 42.6 42.6 178.068
0.0457499999999999 6.39460592420784 3.07957231972819 3.16916362974533 299.183122127062 -8.35824357573118 42.6 42.6 178.1958
0.0465000000000001 6.56763639066039 3.31197393736715 3.24661718719786 300.49902065808 -8.35837603070508 42.6 42.6 178.3236
0.04725 6.64322192737636 3.33242449903665 3.29931804603778 300.613130281439 -8.35771746505754 42.6 42.6 178.4514
0.0479999999999999 6.78606766771244 3.35818237245005 3.43336368746085 303.3818452662 -8.35694754346122 42.6 42.6 178.5792
0.0487500000000001 6.90624970705701 3.47778306147627 3.47274949400281 300.47479733516 -8.3569601483466 42.6 42.6 178.707
0.0495 6.97003262255015 3.6023098688132 3.53366396042105 301.393342258022 -8.35627823936205 42.6 42.6 178.8348
0.0502499999999999 7.14071857837044 3.60750559785539 3.62874057664861 299.787825842757 -8.35593284387872 42.6 42.6 178.9626
0.0510000000000001 7.1693345660029 3.62088395653888 3.5639193183423 298.409570127688 -8.35518193216182 42.6 42.6 179.0904
0.0517499999999999 7.35188880388598 3.71094492055891 3.69284374577846 299.614276859021 -8.3546312006837 42.6 42.6 179.2182
0.0525000000000002 7.4437235042855 3.79175211508793 3.78123737506123 298.720986257117 -8.35461079864018 42.6 42.6 179.346
0.05325 7.57060387547287 3.85438786543228 3.82590677294293 299.906319273693 -8.35362885701549 42.6 42.6 179.4738
0.0539999999999999 7.62562953494041 3.89101085065848 3.93600175807119 299.348503720054 -8.35334936348149 42.6 42.6 179.6016
0.0547500000000001 7.79294531948898 3.93752888169905 3.9472174986456 300.213146206998 -8.3528688506231 42.6 42.6 179.7294
0.0555 7.79676226034628 3.96607261767999 3.99511794876111 300.327869751396 -8.35213526216011 42.6 42.6 179.8572
0.0562499999999999 8.03177439241618 4.12910323473024 4.13877849234684 301.829353393002 -8.35210104416411 42.6 42.6 179.985
0.0570000000000001 8.03742600416419 4.16225815323861 4.09291441716577 299.487649381717 -8.35072810148338 42.6 42.6 180.1128
0.05775 8.17591523480381 4.21424341962498 4.13283142386075 298.680712339924 -8.35080540676391 42.6 42.6 180.2406
0.0584999999999998 8.27694816491935 4.28373523765863 4.31073545477854 299.417934562992 -8.34995095288529 42.6 42.6 180.3684
0.0592500000000001 8.36517404315068 4.29080737717007 4.37999050784067 299.985103301341 -8.34927166642665 42.6 42.6 180.4962
0.0599999999999999 8.53673115535943 4.40014916300456 4.41619787647733 302.261126353285 -8.34882887926418 42.6 42.6 180.624
0.0607500000000002 8.62883952480816 4.51475865311968 4.42201981514529 297.216157446627 -8.34831307514966 42.6 42.6 180.7518
0.0615 8.69186200570255 4.54011194298643 4.51948472631221 300.875503215725 -8.34753664944131 42.6 42.6 180.8796
0.0622499999999999 8.84223625924522 4.61916439230952 4.63458566970157 300.682975625822 -8.3474791000129 42.6 42.6 181.0074
0.0630000000000001 8.84930291791139 4.59870438751702 4.6398966540218 301.629184750385 -8.34640999355191 42.6 42.6 181.1352
0.06375 8.99274648437891 4.70452341149083 4.74125231980844 297.842010748517 -8.34591311313891 42.6 42.6 181.263
0.0644999999999999 9.06722392640032 4.75301718072133 4.75850302322096 298.45404196765 -8.34536028853149 42.6 42.6 181.3908
0.0652500000000001 9.1849993836629 4.83611963309118 4.83342732812987 299.940303357516 -8.34449745795788 42.6 42.6 181.5186
0.066 9.35186126262618 5.02435363956536 4.99521680164766 297.445257196713 -8.34418705754886 42.6 42.6 181.6464
0.06675 9.38838825057724 4.97607577077901 5.00790224666937 301.55921074531 -8.34348202021255 42.6 42.6 181.7742
0.0675000000000001 9.43665065780795 5.01099424156366 5.05912710691502 299.274939321607 -8.34306388711852 42.6 42.6 181.902
0.0682499999999999 9.56769913537521 5.097601007717 5.1114346950521 298.36529132859 -8.34238097039227 42.6 42.6 182.0298
0.0690000000000001 9.6090201856411 5.08096188952305 5.08747527557286 301.166754418323 -8.3418141779992 42.6 42.6 182.1576
0.06975 9.74460247310296 5.2448041466444 5.17689537375706 302.624033697126 -8.34084140158489 42.6 42.6 182.2854
0.0704999999999999 9.86329970135169 5.29920389302893 5.28098613762186 299.03240343332 -8.34054945413703 42.6 42.6 182.4132
0.0712500000000001 9.94328239654964 5.37661512369072 5.35187571423376 300.717373957606 -8.33980649108182 42.6 42.6 182.541
0.072 9.98317302911313 5.35984804191719 5.39016079533203 299.7505150229 -8.33893806282317 42.6 42.6 182.6688
0.0727499999999999 10.1023434460382 5.4250440006887 5.47580651502803 301.565038477082 -8.33886033014429 42.6 42.6 182.7966
0.0735000000000001 10.1855185277712 5.51843808004709 5.51064726082484 300.568258746487 -8.33780534368746 42.6 42.6 182.9244
0.07425 10.2571460123599 5.60545614053165 5.62304142193521 299.574863912764 -8.33731093102551 42.6 42.6 183.0522
0.075 10.3554529691408 5.63692632928446 5.59995756164897 298.556453674593 -8.33664309265113 42.6 42.6 183.18
0.0757500000000001 10.4518153569958 5.71601374219173 5.70900213514266 301.675494501446 -8.33599589645439 42.6 42.6 183.3078
0.0764999999999999 10.5598133110102 5.8200608379816 5.81515942708558 298.436623972257 -8.33561207632158 42.6 42.6 183.4356
0.0772500000000001 10.5381532858669 5.8467108768854 5.84938190788477 298.371536513771 -8.3343976861951 42.6 42.6 183.5634
0.078 10.5997882682951 5.86495733607102 5.86253374268337 301.009264522359 -8.33356810792123 42.6 42.6 183.6912
0.0787499999999999 10.7564964596307 6.0088577944687 5.97093155598288 299.914503015803 -8.33327375813199 42.6 42.6 183.819
0.0795000000000001 10.8373068809356 6.09923058922002 6.02555846485696 301.24394675685 -8.33222665806869 42.6 42.6 183.9468
0.08025 10.8370111250271 6.12260541252274 6.02920990064289 298.299029687499 -8.33188041159272 42.6 42.6 184.0746
0.0809999999999999 10.9849607242556 6.12741769845804 6.16364130332594 299.778811226147 -8.33094283760204 42.6 42.6 184.2024
0.0817500000000001 10.9806086948265 6.16385261360764 6.16888507550836 299.186016917832 -8.33024541099918 42.6 42.6 184.3302
0.0824999999999999 11.0892159113254 6.2811402643839 6.29254473468426 297.300643207235 -8.32996359684119 42.6 42.6 184.458
0.08325 11.1315998075654 6.27346115994924 6.31511587976701 300.291018458357 -8.32893944994196 42.6 42.6 184.5858
0.084 11.2265775851466 6.36059285243804 6.36906538638611 301.372244615948 -8.32822332478026 42.6 42.6 184.7136
0.0847499999999999 11.2573400529388 6.48444783587768 6.44863200536808 299.203240259003 -8.32775973008995 42.6 42.6 184.8414
0.0855000000000001 11.3165327207073 6.50283788944162 6.47034951432721 302.441304187654 -8.32687585652265 42.6 42.6 184.9692
0.08625 11.4488026673557 6.6130916700462 6.54699555533065 298.793611809481 -8.32624438611926 42.6 42.6 185.097
0.0869999999999999 11.4765210042665 6.5680822410411 6.54604080424873 299.163952996608 -8.32549073608034 42.6 42.6 185.2248
0.0877500000000001 11.5427356524801 6.67287666785388 6.61177668332005 301.059730104217 -8.32453829717128 42.6 42.6 185.3526
0.0885 11.6369711933203 6.74103228969565 6.70168758264102 299.46563165711 -8.32386231173875 42.6 42.6 185.4804
0.0892499999999999 11.6990456073245 6.851072405358 6.75005064964831 298.691878146032 -8.32298017165774 42.6 42.6 185.6082
0.0900000000000001 11.7318621067116 6.83755445782535 6.74837674541375 297.81242657587 -8.32198066720106 42.6 42.6 185.736
0.09075 11.8792188781859 6.94688267947728 6.94051627227074 297.941234974022 -8.32197708558356 42.6 42.6 185.8638
0.0915 11.9112431218151 7.00483172532632 6.96736943501442 299.262689488457 -8.32065060296276 42.6 42.6 185.9916
0.09225 11.978588670417 7.06923507385795 7.04120424985953 300.641913733328 -8.32005157456663 42.6 42.6 186.1194
0.0929999999999999 12.0602235388086 7.17603087790719 7.11714841722266 298.432175214694 -8.3194450061776 42.6 42.6 186.2472
0.0937500000000001 12.0704703321335 7.15432518194234 7.08881932999327 300.585211635416 -8.31847425609976 42.6 42.6 186.375
0.0945 12.1417438460044 7.17846457192633 7.16989127524628 297.949703070322 -8.31800838874748 42.6 42.6 186.5028
0.0952499999999999 12.2517690231346 7.33209901294077 7.26470080588823 302.394924967152 -8.31723105457985 42.6 42.6 186.6306
0.0960000000000001 12.266256571059 7.38766058238919 7.3002035515588 298.72241761945 -8.3159444115864 42.6 42.6 186.7584
0.09675 12.2895219907622 7.41213967782085 7.38038417533704 300.772512633845 -8.31547127038663 42.6 42.6 186.8862
0.0974999999999999 12.3867069518206 7.42598562857338 7.43696563609603 299.938407175705 -8.31437293615862 42.6 42.6 187.014
0.0982500000000001 12.3874852788425 7.55828675597603 7.47435956308872 298.746648440488 -8.31385332476658 42.6 42.6 187.1418
0.0989999999999999 12.4196638139511 7.61664725650034 7.56625016381589 299.819963780835 -8.31297443773718 42.6 42.6 187.2696
0.09975 12.4195730491915 7.61735907668003 7.56515570117641 298.72287478741 -8.31208081168685 42.6 42.6 187.3974
0.1005 12.5601450824256 7.68098769791498 7.66233313333971 299.439222852452 -8.31172651914185 42.6 42.6 187.5252
0.10125 12.5368964216247 7.73565873707035 7.70366694001236 299.813568003516 -8.31040044906305 42.6 42.6 187.653
0.102 12.621291328821 7.85355819443123 7.78898595225669 296.036511966505 -8.30988296852744 42.6 42.6 187.7808
0.10275 12.7561682645961 7.94306379397055 7.85095198474944 301.170937270254 -8.30930345533657 42.6 42.6 187.9086
0.1035 12.7282782974544 7.89163380310459 7.92066324440517 301.519305353106 -8.30824658021898 42.6 42.6 188.0364
0.10425 12.69212553232 7.90771353411702 7.89573020118713 299.025057531434 -8.3072772269549 42.6 42.6 188.1642
0.105 12.8440759115823 8.04316591808028 7.98063274365272 299.72134250934 -8.30678683361447 42.6 42.6 188.292
0.10575 12.771544057363 8.09726976552609 7.97516445618387 301.148621867504 -8.3058788846073 42.6 42.6 188.4198
0.1065 12.8710309195345 8.16648163303905 8.13990661510454 300.263334383875 -8.30538693485535 42.6 42.6 188.5476
0.10725 12.8261848503766 8.23783134102342 8.1690362462695 299.596826860418 -8.30404201733357 42.6 42.6 188.6754
0.108 12.8551073302416 8.25255040414191 8.23830414785425 299.611918151897 -8.30333163265142 42.6 42.6 188.8032
0.10875 12.8601729037911 8.28326177119352 8.23786834412334 299.777803203671 -8.30294982179573 42.6 42.6 188.931
0.1095 12.9208941311417 8.25354886580042 8.31327419232848 299.424273677149 -8.30182043206895 42.6 42.6 189.0588
0.11025 12.9412758164741 8.37125269252484 8.33562630976025 300.481740737518 -8.30126698690864 42.6 42.6 189.1866
0.111 12.9887770457161 8.43282785193337 8.37328083182385 302.035878478431 -8.30027163924978 42.6 42.6 189.3144
0.11175 13.0284788160073 8.50329186549032 8.44133101238391 297.573800759772 -8.29960894751544 42.6 42.6 189.4422
0.1125 13.0929282180107 8.526760721831 8.52102067700038 300.363908897266 -8.29867454161784 42.6 42.6 189.57
0.11325 12.9957699152269 8.55144728703329 8.53280845519263 299.995716694126 -8.29768908851165 42.6 42.6 189.6978
0.114 12.9948570568816 8.63712041063262 8.56845943854673 298.210271820262 -8.29718485610765 42.6 42.6 189.8256
0.11475 13.0221113643898 8.71294057356999 8.67121981581415 301.916067801361 -8.29657742322521 42.6 42.6 189.9534
0.1155 12.9609543128078 8.71256468488582 8.69549005469722 299.844075223395 -8.29544466976685 42.6 42.6 190.0812
0.11625 13.0557474775208 8.78150512383489 8.73325608387237 300.202669143243 -8.2953428445964 42.6 42.6 190.209
0.117 12.938172898056 8.75822685192686 8.74344909616419 300.019933034142 -8.29386692378933 42.6 42.6 190.3368
0.11775 12.9593720474696 8.85191285525276 8.83360092132253 298.727017329712 -8.29353671810484 42.6 42.6 190.4646
0.1185 13.0033786764843 8.91160983169045 8.84353031816864 299.372175621899 -8.29261318169999 42.6 42.6 190.5924
0.11925 12.9872003504541 8.93462519315315 8.90425353878208 301.950448977656 -8.2918784868927 42.6 42.6 190.7202
0.12 13.0515013645838 8.99437151787519 8.97604420205933 298.121614866186 -8.29111249203376 42.6 42.6 190.848
0.12075 13.0979661885479 9.02080866890443 9.02222178275014 302.126787032853 -8.29019774407962 42.6 42.6 190.9758
0.1215 13.0854975901145 9.09249328347805 9.05862242480665 299.379349984424 -8.28973467028106 42.6 42.6 191.1036
0.12225 13.1043666838266 9.13561739328211 9.08479172115492 300.409285988064 -8.28954641123808 42.6 42.6 191.2314
0.123 13.0832252350579 9.1631631968327 9.12674652015061 299.332644882633 -8.28863558480055 42.6 42.6 191.3592
0.12375 13.1079192341374 9.19701328343737 9.16875363211969 301.823222554068 -8.28800442742024 42.6 42.6 191.487
0.1245 13.1457441184851 9.24206998227257 9.25436401526542 298.724411576765 -8.28728427115369 42.6 42.6 191.6148
0.12525 13.2084734307226 9.29259184713663 9.30010898311746 301.55457573787 -8.28641695548698 42.6 42.6 191.7426
0.126 13.1409168770627 9.26729305673383 9.25793643131983 301.889527922036 -8.28565917004785 42.6 42.6 191.8704
0.12675 13.1576122456471 9.32832931799168 9.326508130552 300.87957380058 -8.28556047658991 42.6 42.6 191.9982
0.1275 13.1836167089316 9.37817246374584 9.42034754808604 299.253272138542 -8.28448046185462 42.6 42.6 192.126
0.12825 13.205358419757 9.36400515555118 9.41152381781189 300.661629209972 -8.28400487251392 42.6 42.6 192.2538
0.129 13.1731985558 9.44483185958803 9.43531429293529 299.962067854611 -8.28340878331824 42.6 42.6 192.3816
0.12975 13.2243086346587 9.48747091250112 9.4922193354344 300.103846194527 -8.28228339191235 42.6 42.6 192.5094
0.1305 13.2204556153668 9.49530389330901 9.55079266037537 299.077379122633 -8.28161744105833 42.6 42.6 192.6372
0.13125 13.2768975570917 9.59341079133508 9.57591154696391 299.219855563834 -8.28088044651512 42.6 42.6 192.765
0.132 13.2600545607933 9.53871377346359 9.5810194465408 300.774233314822 -8.27992579673127 42.6 42.6 192.8928
0.13275 13.31451062266 9.64077115014984 9.65403490470729 299.767083347343 -8.27964564988909 42.6 42.6 193.0206
0.1335 13.1873178207943 9.62767511168424 9.66116255055297 300.015495565655 -8.27851692054918 42.6 42.6 193.1484
0.13425 13.3457591701304 9.73245788336486 9.72313984019647 298.521338598329 -8.27845559991215 42.6 42.6 193.2762
0.135 13.2873128020354 9.72429148098366 9.74209432439056 299.402996917438 -8.27712506780025 42.6 42.6 193.404
0.13575 13.2690883525274 9.81417669658389 9.74734269503608 301.069586731493 -8.27629215696261 42.6 42.6 193.5318
0.1365 13.362423274112 9.86392893535971 9.8353425622494 297.985082575476 -8.27562847503913 42.6 42.6 193.6596
0.13725 13.3453652731432 9.86462488841399 9.87796239493044 300.322049300238 -8.2745790742796 42.6 42.6 193.7874
0.138 13.3613528177013 9.87520606410577 9.85379904329553 302.642216602128 -8.27434806271607 42.6 42.6 193.9152
0.13875 13.3931667047481 9.96510258475497 10.0127183957278 297.633956577637 -8.27373564997004 42.6 42.6 194.043
0.1395 13.3675247593582 9.98366790442812 10.0192229153709 299.759246533676 -8.27248790957049 42.6 42.6 194.1708
0.14025 13.3986030690809 10.038857151498 10.0269508187186 300.56812473063 -8.27148864302004 42.6 42.6 194.2986
0.141 13.5118004947198 10.0894253614937 10.1027639455384 300.222824255075 -8.27122527795266 42.6 42.6 194.4264
0.14175 13.3914880858331 10.0693028269613 10.0931170568874 302.586603921756 -8.27040272555573 42.6 42.6 194.5542
0.1425 13.3891919852106 10.1094885375073 10.1086818043475 300.811265857919 -8.27006008622995 42.6 42.6 194.682
0.14325 13.4126797395497 10.2057117588165 10.1575257955836 301.494670698894 -8.26939656691793 42.6 42.6 194.8098
0.144 13.4224099096021 10.1629433121965 10.1604761416632 299.834393443576 -8.26806398650392 42.6 42.6 194.9376
0.14475 13.556094296113 10.2975374920712 10.2818743953353 297.856720766763 -8.26768946250801 42.6 42.6 195.0654
0.1455 13.5751565310772 10.2865286540369 10.2605120172568 302.274913526739 -8.2670100519142 42.6 42.6 195.1932
0.14625 13.4489014732449 10.3526665689687 10.3852285553095 299.168369955591 -8.26646367296769 42.6 42.6 195.321
0.147 13.4357419148975 10.4052369368518 10.4051490764698 296.42296110716 -8.26557319000194 42.6 42.6 195.4488
0.14775 13.5027384614086 10.4310491220602 10.4033779959808 299.141085687116 -8.26445290289918 42.6 42.6 195.5766
0.1485 13.5422466044551 10.3986580108823 10.4382044567093 299.214170329065 -8.26429474298663 42.6 42.6 195.7044
0.14925 13.5044751849596 10.479703911202 10.457564307197 300.265900883631 -8.26328013219413 42.6 42.6 195.8322
0.15 13.4813861933772 10.4605250356078 10.4456311990881 301.125972345987 -8.26299267300821 42.6 42.6 195.96
0.15075 13.4576948416637 10.4865516970112 10.4620451464162 296.92122229439 -8.26197349140167 42.6 42.6 196.0878
0.1515 13.4096763622976 10.498529545817 10.5443304741035 302.167250351663 -8.26128928667137 42.6 42.6 196.2156
0.15225 13.4330697413043 10.4607607706534 10.4996276692334 300.932354404719 -8.2610659827929 42.6 42.6 196.3434
0.153 13.4302780247317 10.522571905235 10.5416610456149 299.841885220583 -8.26053821019873 42.6 42.6 196.4712
0.15375 13.510969349772 10.554904390851 10.573745081333 297.877700745775 -8.26018936149894 42.6 42.6 196.599
0.1545 13.3803484176981 10.5590797799264 10.5498029293432 303.126408728079 -8.25959874824794 42.6 42.6 196.7268
0.15525 13.4060630896152 10.5818920896105 10.5588016188363 305.837916798594 -8.25908427186933 42.6 42.6 196.8546
0.156 13.3496233423516 10.4940198999476 10.5690326041845 301.831953255063 -8.25866298853434 42.6 42.6 196.9824
0.15675 13.2703093413645 10.467068906821 10.4943956973171 298.856487237194 -8.25830835138076 42.6 42.6 197.1102
0.1575 12.8083823057903 10.3921243408079 10.5023230294852 448.687753170341 -8.25832449539906 42.6 42.6 197.238
0.15825 13.2140989923421 10.5830304643836 10.684849577942 360.751392612425 -8.26402828273653 42.6 42.6 197.3658
0.159 13.2694254266314 10.5696545136374 10.5903578955603 305.246944339983 -8.26715167104177 42.6 42.6 197.4936
0.15975 13.0641923578799 10.2888480417962 10.3899441089786 295.470293510527 -8.26735694187623 42.6 42.6 197.6214
0.1605 12.6074250465349 9.93184708471373 9.93481367683053 305.995433074137 -8.26624344578746 42.6 42.6 197.7492
0.16125 12.1660050851122 9.271274746895 9.37964533559638 331.234890326258 -8.26871965275168 42.6 42.6 197.877
0.162 11.3073873082055 8.40528352554811 8.43208233659407 368.661123349396 -8.2770735238025 42.6 42.6 198.0048
0.16275 9.78556441507874 7.23258849214438 7.27408723861613 344.652410771323 -8.28991394690535 42.6 42.6 198.1326
0.1635 7.96771794188462 5.81837928929523 5.90992100908641 345.836592971559 -8.30433878413925 42.6 42.6 198.2604
0.16425 6.27909061673219 4.49539088927742 4.64018489901865 352.625287438644 -8.32060306112258 42.6 42.6 198.3882
0.165 4.34713102464542 3.12522824749752 3.30554939633811 352.281601578385 -8.33457732799607 42.6 42.6 198.516
0.16575 2.51990267827946 1.99612682527199 2.10231586896029 331.369257920532 -8.3474599058339 42.6 42.6 198.6438
0.1665 0.711947315697655 0.446518169778375 0.764107350161792 393.029338575761 -8.35587688276599 42.6 42.6 198.7716
0.16725 -1.39633764583215 -0.75817765749417 -0.500774095730589 303.935677607773 -8.3616120696851 42.6 42.6 198.8994
0.168 -3.0781160536164 -1.69170568991182 -1.54245877043018 290.921321662372 -8.3613865246324 42.6 42.6 199.0272
0.16875 -4.30796940414829 -2.48217742092794 -2.30732918086535 306.495658866315 -8.3576055920078 42.6 42.6 199.155
0.1695 -4.51326906922639 -2.52400227227439 -2.3778266284007 300.31599639732 -8.35802340968023 42.6 42.6 199.2828
0.17025 -3.6937980778023 -2.06785517664285 -1.93348589840871 303.749329387363 -8.36062216280328 42.6 42.6 199.4106
0.171 -2.34560582514152 -1.34406842212133 -1.25625645368362 297.895172980937 -8.36262962561516 42.6 42.6 199.5384
0.17175 -0.357569235355633 -0.215808714630411 -0.253443071964967 301.591542731865 -8.36190205199883 42.6 42.6 199.6662
0.1725 1.43796264584583 0.762331541300731 0.698993346612283 296.969561035116 -8.3613806132941 42.6 42.6 199.794
0.17325 2.68304946372128 1.35717876793934 1.39233551626208 294.445320100765 -8.35728277397917 42.6 42.6 199.9218
0.174 3.35825530157756 1.71985463612437 1.70163921489157 303.764874413056 -8.35313163576256 42.6 42.6 200.0496
0.17475 3.61285819386298 1.58257974315478 1.82909546413624 405.985062012373 -8.35127890564995 42.6 42.6 200.1774
0.1755 3.58512428893112 1.66685880253144 1.94012024687485 325.39000395297 -8.3593306326278 42.6 42.6 200.3052
0.17625 2.76411635176669 1.45290256704034 1.5562917797534 295.827741978104 -8.36382443312619 42.6 42.6 200.433
0.177 1.40662066981551 0.753516100804061 0.752532263056464 304.250762097315 -8.36602254322494 42.6 42.6 200.5608
0.17775 -0.317662813027854 -0.28170727481396 -0.217209522612795 296.631884793626 -8.36667763373589 42.6 42.6 200.6886
0.1785 -2.19152949066723 -1.268012688763 -1.19879178657028 300.545395773064 -8.36501267250153 42.6 42.6 200.8164
0.17925 -3.58363486481939 -2.13423710677734 -2.02778464050592 298.927117274734 -8.36190489464236 42.6 42.6 200.9442
0.18 -4.31907399498715 -2.54568354168697 -2.451010336653 300.710830045895 -8.35862174233451 42.6 42.6 201.072
0.18075 -3.86457028644907 -2.24053197336269 -2.11191642563537 306.719109947733 -8.36001235194881 42.6 42.6 201.1998
0.1815 -2.51454695282421 -1.52648632241188 -1.45926035841907 300.895457051993 -8.36382365486501 42.6 42.6 201.3276
0.18225 -0.685269683092714 -0.498093132546281 -0.490818392130587 296.881991018444 -8.36590475011099 42.6 42.6 201.4554
0.183 0.912414545554762 0.328621366927462 0.355448435703601 298.416643683074 -8.36458646263108 42.6 42.6 201.5832
0.18375 2.07681222682813 0.967572507170617 1.06076747323772 299.791436208104 -8.36096052745412 42.6 42.6 201.711
0.1845 3.07217538298875 1.49021099225549 1.49302497757578 298.116162458718 -8.35663629115783 42.6 42.6 201.8388
0.18525 3.45871838488184 1.67946800183962 1.77384688853575 300.818697280986 -8.35369635361901 42.6 42.6 201.9666
0.186 3.40552986466765 1.67364437573771 1.72034924190875 304.843047690184 -8.35498593773609 42.6 42.6 202.0944
0.18675 2.75183314880381 1.40202489791041 1.41635457279098 300.51350247383 -8.35824636377734 42.6 42.6 202.2222
0.1875 1.53951525943483 0.722489451681607 0.729416055018545 300.373136411912 -8.36250428701809 42.6 42.6 202.35
0.18825 0.123705859027388 -0.0851116639768252 -0.0515174479338342 297.894245367684 -8.36577866100409 42.6 42.6 202.4778
0.189 -1.3849039571203 -0.912904501649269 -0.833858498931583 298.000422642022 -8.3658962422949 42.6 42.6 202.6056
0.18975 -2.73349025045109 -1.65705960969123 -1.6001099794555 299.406398092266 -8.3635164628904 42.6 42.6 202.7334
0.1905 -3.54376167914704 -2.1235332454951 -2.00228649179654 301.053846731382 -8.36138763462438 42.6 42.6 202.8612
0.19125 -3.50122110975241 -2.11284811923986 -1.99041696488741 303.037113845061 -8.36061931029012 42.6 42.6 202.989
0.192 -2.57144342325113 -1.58422761542186 -1.52793839461713 300.581834657699 -8.36315258749857 42.6 42.6 203.1168
0.19275 -1.20210743136509 -0.895248835440185 -0.842239391489696 297.491147147586 -8.36533571823539 42.6 42.6 203.2446
0.1935 0.220529902055759 -0.103380031446094 -0.0533175876453354 299.126921848918 -8.36474358315358 42.6 42.6 203.3724
0.19425 1.53164515545165 0.629838569836483 0.635314470024096 299.02908108631 -8.36244781047829 42.6 42.6 203.5002
0.195 2.4109728277944 1.20199376367468 1.2086837523645 299.257556131974 -8.358857290899 42.6 42.6 203.628
0.19575 2.94652116426206 1.41869039724626 1.47660979525073 302.823920829985 -8.35612545078508 42.6 42.6 203.7558
0.1965 3.02213664134361 1.40198561938495 1.51007803061941 303.03242696261 -8.35560115252799 42.6 42.6 203.8836
0.19725 2.52673836320997 1.15525290417267 1.29644996817615 301.278539384148 -8.35815998077685 42.6 42.6 204.0114
0.198 1.74702816066398 0.883748247938133 0.839471020631063 301.800498956398 -8.36177424924544 42.6 42.6 204.1392
0.19875 0.552377346243218 0.132037318004611 0.187224309241098 298.684175360527 -8.36471722183583 42.6 42.6 204.267
0.1995 -0.745191395517766 -0.536319167753927 -0.573589483788094 297.475427085908 -8.36593805454177 42.6 42.6 204.3948
0.20025 -1.95909870732757 -1.27695939894961 -1.15660826098417 299.63446999277 -8.36470622723603 42.6 42.6 204.5226
0.201 -2.91275466855621 -1.83111604974153 -1.69813151528655 300.203594558871 -8.3627762788964 42.6 42.6 204.6504
0.20175 -3.21568884784796 -1.98832215033158 -1.94787663720056 301.839705820394 -8.36124672669742 42.6 42.6 204.7782
0.2025 -2.67131134001837 -1.70700327433365 -1.60737158895474 300.713244529249 -8.36262817609798 42.6 42.6 204.906
0.20325 -1.5110312285329 -1.04877525459905 -0.970798756316164 298.926745551502 -8.36495633598925 42.6 42.6 205.0338
0.204 -0.243314225940753 -0.360142365814858 -0.292786880527542 299.680202764606 -8.36498525150792 42.6 42.6 205.1616
0.20475 1.03125738441237 0.37880589275582 0.391954781291684 299.690620229335 -8.36348123980285 42.6 42.6 205.2894
0.2055 1.9321535993006 0.854481880068495 0.910889984325091 298.951314831664 -8.36054310365555 42.6 42.6 205.4172
0.20625 2.51084439422859 1.14653349213372 1.22081336038154 301.137803670818 -8.35781939245147 42.6 42.6 205.545
0.207 2.64476588430308 1.29565119839893 1.24531185734753 300.933150452147 -8.35638734976589 42.6 42.6 205.6728
0.20775 2.38821973967028 1.08442465525328 1.20162788249034 300.37952862776 -8.35802427521678 42.6 42.6 205.8006
0.2085 1.83245654241934 0.843172400777938 0.813025816384901 300.151508595875 -8.3608460369317 42.6 42.6 205.9284
0.20925 0.835756097241338 0.305871754812764 0.319413482106104 299.01139639937 -8.36373073191291 42.6 42.6 206.0562
0.21 -0.298769420936059 -0.354576689478368 -0.296099326811419 298.836440195182 -8.36561436202543 42.6 42.6 206.184
0.21075 -1.5703208754768 -1.02858946152264 -1.05097660262454 299.761014632497 -8.36516197486835 42.6 42.6 206.3118
0.2115 -2.44478819698736 -1.52260969563989 -1.50815922666962 299.057838305854 -8.36346424193264 42.6 42.6 206.4396
0.21225 -2.92608399243195 -1.80978528441055 -1.72595928530477 302.855095455651 -8.36218200613632 42.6 42.6 206.5674
0.213 -2.60388079172817 -1.6336992467532 -1.57580167036798 300.120503505969 -8.3625469513873 42.6 42.6 206.6952
0.21375 -1.6886987194464 -1.1971705053123 -1.11580997397476 298.444829166812 -8.36453262393511 42.6 42.6 206.823
0.2145 -0.530715491481721 -0.522019600282696 -0.512622245211844 299.403528970947 -8.36488837088847 42.6 42.6 206.9508
0.21525 0.660345971953747 0.115703601974337 0.151237211147495 299.665946004572 -8.36384844919688 42.6 42.6 207.0786
0.216 1.63966514895689 0.703122429633695 0.741700237261179 300.458138156818 -8.36161533385469 42.6 42.6 207.2064
0.21675 2.2163780416313 0.990811086612367 1.0261593620089 300.402559253946 -8.35882355743115 42.6 42.6 207.3342
0.2175 2.45537625485499 1.14187533672958 1.15356355252583 301.19905951842 -8.35739882262669 42.6 42.6 207.462
0.21825 2.33377602910526 1.09009779264192 1.10876987166486 301.14613970648 -8.35852703265956 42.6 42.6 207.5898
0.219 1.79230506819204 0.774798854070328 0.803688406811428 299.932638985955 -8.36069702671775 42.6 42.6 207.7176
0.21975 0.916678666152168 0.308547704895407 0.343166542286868 298.047800031691 -8.36309358257677 42.6 42.6 207.8454
0.2205 -0.116744063294095 -0.26605867028034 -0.185308766570484 300.580534083308 -8.36545284584165 42.6 42.6 207.9732
0.22125 -1.27172380407535 -0.929046185790685 -0.878229982738604 299.141860489716 -8.36523966618783 42.6 42.6 208.101
0.222 -2.18252141551996 -1.39324741354632 -1.34232815230257 298.824722128717 -8.36355127915938 42.6 42.6 208.2288
0.22275 -2.51950494428925 -1.63239366251695 -1.68352828780814 301.31998293686 -8.36262249539576 42.6 42.6 208.3566
0.2235 -2.35264515686568 -1.47381192638392 -1.43977855512636 303.754094127362 -8.36303444973292 42.6 42.6 208.4844
0.22425 -1.61430312483494 -1.12301687398961 -1.1149311242014 299.931122025346 -8.36422565794152 42.6 42.6 208.6122
0.225 -0.637489925303561 -0.554331273328905 -0.503272378937277 300.072047278564 -8.36477943256732 42.6 42.6 208.74
0.22575 0.431218778527266 -0.00447858720419294 0.0162079919239657 298.181880829357 -8.36372257663287 42.6 42.6 208.8678
0.2265 1.30952978334049 0.463990612183246 0.498844930211743 299.251568836693 -8.3620559378814 42.6 42.6 208.9956
0.22725 1.96555332168474 0.847481314124518 0.822665768037017 299.637627021302 -8.3596350148195 42.6 42.6 209.1234
0.228 2.17586447508362 0.904626352969669 0.994448839365533 302.394770358551 -8.35843546329964 42.6 42.6 209.2512
0.22875 2.1343571216606 0.980537991146178 0.928231334899263 300.737027356041 -8.35882065843593 42.6 42.6 209.379
0.2295 1.69446926763687 0.73225455833521 0.741343188267481 300.190707354625 -8.36062836291498 42.6 42.6 209.5068
0.23025 0.911641677918116 0.251045769812659 0.304441452226018 300.271037642909 -8.36281749971306 42.6 42.6 209.6346
0.231 0.060138618244942 -0.238496228716836 -0.135276593600233 296.955740006254 -8.3644563209202 42.6 42.6 209.7624
0.23175 -0.991569226528288 -0.727969521330857 -0.666738263088489 299.031038925297 -8.36494419134637 42.6 42.6 209.8902
0.2325 -1.88435653044601 -1.29832999130537 -1.25929826001283 299.727216859839 -8.3639028592807 42.6 42.6 210.018
0.23325 -2.26904199812521 -1.53365645096864 -1.5021013227821 298.430448475112 -8.3627731267441 42.6 42.6 210.1458
0.234 -2.21029237295131 -1.46023094951743 -1.4217655824938 301.610525874054 -8.36285975051712 42.6 42.6 210.2736
0.23475 -1.64217670287083 -1.15976061989559 -1.138171469662 301.051223978869 -8.36415395902321 42.6 42.6 210.4014
0.2355 -0.735753575380776 -0.657542205994817 -0.618532186566191 298.764560380736 -8.36432936055903 42.6 42.6 210.5292
0.23625 0.214549806451891 -0.0661521374417355 -0.118557064219929 300.064272243095 -8.36379592012764 42.6 42.6 210.657
0.237 1.05995645034038 0.356916903954989 0.379171785910443 300.281156057337 -8.36255520464633 42.6 42.6 210.7848
0.23775 1.66095072248362 0.671760828023873 0.671286759948769 298.875511135397 -8.36021413410711 42.6 42.6 210.9126
0.2385 1.9768984778906 0.850936383057801 0.905007461248284 298.311119041818 -8.35859209871154 42.6 42.6 211.0404
0.23925 1.93950633464445 0.824615555402749 0.838600737513107 302.959521590387 -8.35932733952893 42.6 42.6 211.1682
0.24 1.64599874337105 0.698965403703974 0.681620836414345 300.202873594372 -8.36045181667257 42.6 42.6 211.296
0.24075 0.911431233608132 0.311734248925495 0.322270818624904 303.013077076387 -8.36269004566014 42.6 42.6 211.4238
0.2415 0.149083376236799 -0.154482970533488 -0.158227263329961 300.791197633279 -8.36431357103876 42.6 42.6 211.5516
0.24225 -0.771207068732324 -0.598705376832174 -0.659187527893055 299.476351668814 -8.36508761642683 42.6 42.6 211.6794
0.243 -1.61415439714579 -1.05189113564908 -1.07729502770763 299.540475987133 -8.36402550191688 42.6 42.6 211.8072
0.24375 -2.08110245633256 -1.32153020604288 -1.37899942821402 302.188215422977 -8.3634478197168 42.6 42.6 211.935
0.2445 -2.03941599597399 -1.32969288379354 -1.3475233202044 300.513013774909 -8.36300884004175 42.6 42.6 212.0628
0.24525 -1.53126420638618 -1.08508786062176 -1.11148597970246 300.420330899156 -8.36380525741212 42.6 42.6 212.1906
0.246 -0.785241298101926 -0.621750767933729 -0.666569899263855 298.761729374417 -8.36419550390983 42.6 42.6 212.3184
0.24675 0.175609984961692 -0.124458864513076 -0.178822446806885 299.469583007338 -8.36434513236358 42.6 42.6 212.4462
0.2475 0.867913831799021 0.323563144812896 0.275782181829331 297.515021897842 -8.36281740135678 42.6 42.6 212.574
0.24825 1.53080625697315 0.566582741275079 0.595687893487705 298.953936472901 -8.36149050214248 42.6 42.6 212.7018
0.249 1.83188596137154 0.84612113501519 0.762592370655212 299.476011542669 -8.35997730558809 42.6 42.6 212.8296
0.24975 1.76941906018211 0.732592471708426 0.71210323639093 302.057409360544 -8.35948057907435 42.6 42.6 212.9574
0.2505 1.39970062161907 0.542160564489839 0.516613736717089 302.50703256008 -8.36055317284413 42.6 42.6 213.0852
0.25125 0.831544463222493 0.229357092492174 0.19579473124203 302.732596386285 -8.36202526255189 42.6 42.6 213.213
0.252 0.146138887317022 -0.113894026658813 -0.112660928593442 302.628557136963 -8.36370081257781 42.6 42.6 213.3408
0.25275 -0.622331155718162 -0.567160744837276 -0.574687349593485 297.403342537148 -8.36432180296548 42.6 42.6 213.4686
0.2535 -1.39310701781997 -0.976700238063229 -0.98951630219922 299.867917704399 -8.36433928174023 42.6 42.6 213.5964
0.25425 -1.81589528293557 -1.25653414511011 -1.2885873292344 298.949025580324 -8.36345786104451 42.6 42.6 213.7242
0.255 -1.85540408376503 -1.27449528271641 -1.30030228959093 301.335613934076 -8.36326691950792 42.6 42.6 213.852
0.25575 -1.50808959487774 -1.0774491752755 -1.04539106149968 303.938743537578 -8.36315300135548 42.6 42.6 213.9798
0.2565 -0.718227955450962 -0.640666654269534 -0.627875268916252 301.334225133225 -8.36444135325343 42.6 42.6 214.1076
0.25725 0.110659399993329 -0.199087255085619 -0.188310636777234 298.603619857454 -8.36393452476572 42.6 42.6 214.2354
0.258 0.755641883000339 0.201749542825571 0.181393314585832 298.221938580429 -8.3627556402778 42.6 42.6 214.3632
0.25875 1.35405521060274 0.473709714621275 0.500650326272515 297.508271732215 -8.36135978455823 42.6 42.6 214.491
0.2595 1.56322020022361 0.658220245044254 0.612214907509294 299.721329968123 -8.36032657154414 42.6 42.6 214.6188
0.26025 1.60835206465103 0.717097408339485 0.679052273656847 302.155309658255 -8.36001251539434 42.6 42.6 214.7466
0.261 1.26400649249417 0.504171980006216 0.479541455061989 302.760792518251 -8.36094370183912 42.6 42.6 214.8744
0.26175 0.812133188483728 0.264566449069139 0.179290971422326 302.264858500857 -8.36206170727833 42.6 42.6 215.0022
0.2625 0.095057570022497 -0.197282338495689 -0.177058369828856 302.224933619305 -8.36349721353584 42.6 42.6 215.13
0.26325 -0.605492256541665 -0.550984891609753 -0.561884883164386 299.573898826504 -8.36427805716095 42.6 42.6 215.2578
0.264 -1.25892390301212 -0.911395436786049 -0.960035272867708 300.760418539921 -8.36408014524507 42.6 42.6 215.3856
0.26475 -1.6324352697156 -1.12158700932412 -1.16160897780306 298.647989589758 -8.36332675638584 42.6 42.6 215.5134
0.2655 -1.5917352969139 -1.16350904136684 -1.10266863158828 299.644445831094 -8.36291414455654 42.6 42.6 215.6412
0.26625 -1.27841168497797 -0.970910174676269 -0.892080869518401 300.950203947196 -8.36363390422289 42.6 42.6 215.769
0.267 -0.620751309420158 -0.656925724339607 -0.60846300893136 299.966803815454 -8.36397036811071 42.6 42.6 215.8968
0.26775 0.00729233458736735 -0.231309964646626 -0.191104321094921 302.143890243512 -8.36350058985009 42.6 42.6 216.0246
0.2685 0.74444286939345 0.149006843155838 0.178023290122788 298.017784686744 -8.3626718598694 42.6 42.6 216.1524
0.26925 1.16804793921265 0.367063821707462 0.365476789866623 299.627898676121 -8.36166928592917 42.6 42.6 216.2802
0.27 1.38287504488419 0.52458257380794 0.487578640718332 299.969995339362 -8.36062978480838 42.6 42.6 216.408
0.27075 1.45071086021814 0.523087406259482 0.524705153690751 302.440548692577 -8.3605304249615 42.6 42.6 216.5358
0.2715 1.12132043085696 0.374729325955739 0.412220343695798 300.768219769607 -8.36122226857942 42.6 42.6 216.6636
0.27225 0.752799423767051 0.180088615780953 0.21126213190574 302.3377680078 -8.36239592215395 42.6 42.6 216.7914
0.273 0.0532751661508485 -0.173361408821449 -0.203442570123083 302.47088732204 -8.36357271297666 42.6 42.6 216.9192
0.27375 -0.571604887901022 -0.538949296327029 -0.568283327221144 298.347194394497 -8.36399643336829 42.6 42.6 217.047
0.2745 -1.06646179643059 -0.845791033135382 -0.870301176392911 301.613025989766 -8.36426792946217 42.6 42.6 217.1748
0.27525 -1.45493359395993 -1.03126618996236 -1.09441471098483 298.096584873124 -8.36337227199405 42.6 42.6 217.3026
0.276 -1.40507414982823 -0.999828447371922 -1.04104845534417 303.971150021414 -8.3635388732039 42.6 42.6 217.4304
0.27675 -1.07669712429681 -0.869736998439685 -0.820185006697162 300.388437080025 -8.36371727518866 42.6 42.6 217.5582
0.2775 -0.586657555464291 -0.579177540729415 -0.526600424044457 299.046077401835 -8.36392015436391 42.6 42.6 217.686
0.27825 0.0222207917449648 -0.196359114741038 -0.152628978271016 302.128498800769 -8.36367042062515 42.6 42.6 217.8138
0.279 0.676290778509149 0.162212700650328 0.16323977533451 299.584880030124 -8.36269489549134 42.6 42.6 217.9416
0.27975 1.0836291593225 0.359660947967985 0.356041444729872 298.31666595234 -8.36174131478148 42.6 42.6 218.0694
0.2805 1.32082952000677 0.521891052437322 0.499508045968196 300.01467761152 -8.36107573473843 42.6 42.6 218.1972
0.28125 1.27395766731519 0.45339277063579 0.481450410318147 301.010631341159 -8.3608490995257 42.6 42.6 218.325
0.282 1.0137305903939 0.315882523402824 0.341487880330019 302.307788990683 -8.36193706773649 42.6 42.6 218.4528
0.28275 0.637645344490256 0.104137546376888 0.15036536337457 298.924492856145 -8.36230200527059 42.6 42.6 218.5806
0.2835 0.0746487611032784 -0.166105250637335 -0.21847774751811 302.997095689973 -8.36377677852649 42.6 42.6 218.7084
0.28425 -0.493081897862258 -0.548156769137689 -0.505586276906134 301.33489287728 -8.36439282025109 42.6 42.6 218.8362
0.285 -0.998865307275755 -0.80940968898018 -0.759419243434799 299.78352651113 -8.36397662139505 42.6 42.6 218.964
0.28575 -1.34747750062863 -0.946579612840959 -0.949696338861176 298.2997251528 -8.36353875490748 42.6 42.6 219.0918
0.2865 -1.33152848768674 -0.999509637297561 -0.920020543198357 297.834193495611 -8.36357487590147 42.6 42.6 219.2196
0.28725 -1.00792928247596 -0.799254286446678 -0.839632423913089 300.386159221536 -8.36354403723883 42.6 42.6 219.3474
0.288 -0.472983823008489 -0.571037281934354 -0.502447630984743 297.879484915578 -8.3637610313643 42.6 42.6 219.4752
0.28875 0.0879014909427272 -0.180258611013401 -0.234797228130871 300.773464138821 -8.36338474968301 42.6 42.6 219.603
0.2895 0.618129565601208 0.119010473869141 0.144830666546773 299.710161284155 -8.3629675622689 42.6 42.6 219.7308
0.29025 1.02068243921197 0.350821539240338 0.332438888339113 297.89623410254 -8.36185582534497 42.6 42.6 219.8586
0.291 1.1575580451023 0.42284569763352 0.424523058075578 300.325338971212 -8.36131152811728 42.6 42.6 219.9864
0.29175 1.22568323452964 0.497564682371105 0.412536613841996 299.651406450854 -8.36101056143705 42.6 42.6 220.1142
0.2925 0.998710053614105 0.28842331888534 0.340502050813233 301.398412895011 -8.36197944566564 42.6 42.6 220.242
0.29325 0.560869063590216 0.111359839487757 0.139124163997261 302.247441923367 -8.36282980379655 42.6 42.6 220.3698
0.294 0.0706700552078226 -0.241054976918719 -0.184297464996301 301.946786987434 -8.36364550699041 42.6 42.6 220.4976
0.29475 -0.510383828621851 -0.471666152373555 -0.438333642717365 299.938050285893 -8.36414339028121 42.6 42.6 220.6254
0.2955 -1.02367767368642 -0.760515164707141 -0.785828299296347 300.284097204793 -8.36398623097334 42.6 42.6 220.7532
0.29625 -1.29975451792474 -0.935010474307127 -0.9337612481369 300.31836518625 -8.36368488553333 42.6 42.6 220.881
0.297 -1.1961335224016 -0.898997277136836 -0.871123153195068 296.19861452356 -8.36382949412726 42.6 42.6 221.0088
0.29775 -0.880053038492134 -0.723043952021551 -0.724825146213213 300.074581816724 -8.36374995408694 42.6 42.6 221.1366
0.2985 -0.443982423710893 -0.491140628722734 -0.509288150783627 301.195447769028 -8.36407027047961 42.6 42.6 221.2644
0.29925 0.16108755173038 -0.0732528992553972 -0.137919187633582 298.19854078512 -8.36350304523157 42.6 42.6 221.3922
0.3 0.620145546308084 0.0918947021923154 0.0896993309673058 298.914499074627 -8.36259497919312 42.6 42.6 221.52
